1000 5790
231 531 18
358 822 45
296 801 19
348 984 62
478 819 19
57 605 75
35 366 53
36 649 56
231 820 13
185 648 50
716 944 56
460 567 60
209 962 44
129 176 33
420 932 18
187 280 45
482 531 28
399 516 14
330 962 47
177 333 62
675 927 66
718 819 31
389 642 21
305 728 35
9 60 60
137 286 76
518 696 78
99 772 52
85 251 41
932 992 38
414 430 53
241 741 13
19 801 59
135 394 59
337 596 53
2 701 23
275 756 38
81 644 55
157 977 35
49 932 38
617 854 12
263 298 37
261 666 25
251 792 32
516 605 36
142 386 62
646 862 32
72 847 26
230 685 29
274 471 43
17 412 60
93 831 43
174 314 54
518 536 51
773 781 45
430 433 20
243 385 68
271 461 54
177 952 42
325 578 7
311 856 40
352 393 8
537 708 51
61 468 19
42 782 33
356 538 44
22 376 24
302 456 48
640 937 55
67 311 91
137 160 60
183 585 79
113 719 1
425 670 72
542 554 23
171 757 60
731 957 52
500 777 42
141 213 12
680 927 76
24 801 56
46 235 47
645 691 28
740 765 47
366 471 41
291 702 22
596 668 28
140 493 39
226 298 55
178 616 26
633 814 36
519 529 31
285 738 40
233 359 115
77 91 31
529 600 53
17 883 21
447 455 47
193 686 43
604 675 34
363 463 54
596 834 37
412 645 26
300 954 34
360 599 75
294 797 65
114 840 18
14 310 56
410 482 41
32 935 28
28 29 52
646 983 14
341 584 39
252 923 32
48 825 21
84 555 22
208 708 63
464 671 11
300 577 60
164 496 62
189 817 22
935 957 29
426 616 50
29 588 53
4 916 37
67 337 65
27 154 33
457 540 47
92 153 38
107 572 62
538 643 25
541 907 15
862 905 63
939 957 54
425 571 51
540 549 10
237 621 28
409 734 42
361 362 61
396 512 42
133 985 22
116 233 37
354 614 87
438 622 61
422 950 59
184 786 30
396 463 42
409 965 59
342 918 22
143 191 23
639 926 35
915 993 48
228 611 33
99 167 36
15 520 41
937 998 13
523 800 66
50 976 65
42 495 31
368 618 46
760 858 52
395 575 50
47 435 39
334 593 40
218 772 34
278 317 43
922 979 55
671 877 51
439 676 38
577 688 51
485 895 49
269 634 56
345 612 74
149 484 55
421 644 62
99 150 45
192 933 29
135 878 27
508 764 33
235 799 5
656 928 70
13 560 34
857 913 62
68 997 46
221 330 40
323 383 50
257 996 53
66 180 59
621 802 49
80 154 18
761 807 16
951 989 77
152 231 48
584 910 42
350 502 52
365 458 86
700 829 68
718 975 38
559 940 16
576 788 39
504 880 51
44 897 62
155 987 28
787 843 57
81 262 30
132 852 50
278 882 70
397 787 37
29 329 43
15 917 53
649 961 46
156 853 38
629 981 47
169 217 18
26 294 61
115 556 52
875 947 30
167 534 47
495 990 34
434 492 46
488 531 49
104 972 16
673 763 26
252 921 41
194 593 35
467 645 45
594 927 12
284 844 42
387 498 21
316 412 51
162 624 39
9 432 55
182 844 43
409 688 32
359 951 12
152 911 62
479 688 46
18 23 79
146 939 47
258 748 31
712 855 34
597 772 52
428 669 23
143 869 44
79 195 18
58 580 63
512 678 17
259 683 47
83 318 29
184 853 18
50 955 48
283 567 43
539 945 41
464 665 35
338 458 30
168 454 13
72 341 35
186 204 51
410 904 44
603 654 31
341 847 49
728 881 45
248 774 49
414 578 23
80 703 33
117 176 56
507 729 64
417 715 50
270 485 36
585 614 26
93 402 53
111 844 28
418 547 62
772 980 51
383 828 38
95 973 18
114 934 60
221 812 41
704 971 50
428 620 12
487 587 43
87 723 38
594 766 39
347 359 121
160 989 84
212 714 41
510 633 70
704 802 69
561 996 47
165 984 62
161 355 11
229 812 37
338 529 57
66 633 96
112 854 56
476 622 56
323 746 49
754 777 38
179 710 40
679 978 76
84 410 61
317 376 59
121 161 28
721 727 29
196 314 53
135 373 44
623 652 22
377 499 75
39 271 56
412 467 22
104 699 57
722 756 60
532 620 115
34 959 31
136 790 70
91 301 60
97 553 37
227 392 45
16 631 20
65 228 33
62 874 35
78 807 41
261 525 9
737 985 44
242 417 34
175 996 38
250 909 21
508 907 18
324 887 45
577 739 16
118 675 38
184 842 59
611 976 33
932 936 55
686 816 56
160 286 20
212 712 61
462 991 58
229 962 64
100 718 31
167 360 56
334 848 13
426 870 53
689 937 54
297 964 52
51 91 38
134 224 7
210 428 102
67 846 65
413 861 53
872 995 63
63 150 47
626 887 37
310 638 38
369 564 68
471 565 30
302 379 30
7 902 34
126 582 55
385 974 60
465 895 37
406 506 17
884 903 24
152 859 37
370 788 26
131 645 25
477 551 43
293 867 19
467 940 77
836 883 39
615 856 49
854 879 69
537 703 6
189 869 38
4 15 14
8 741 59
69 780 21
367 780 62
552 755 30
687 820 57
105 933 61
503 855 20
66 286 43
593 730 36
682 901 53
578 697 59
569 618 38
387 552 4
123 215 54
480 597 52
901 940 53
315 709 58
141 842 68
559 924 74
149 214 24
718 953 22
395 863 64
48 748 20
657 767 40
74 149 41
120 971 49
386 490 38
35 396 57
390 926 40
451 785 41
743 945 49
55 369 16
662 748 56
286 989 73
904 925 52
61 69 46
907 990 30
417 956 31
925 941 58
20 728 33
506 674 39
307 433 38
421 442 40
47 517 18
196 878 55
317 882 56
52 979 21
268 309 54
235 264 39
769 825 44
5 960 40
573 962 67
43 383 67
26 50 66
274 973 16
494 524 46
452 733 69
766 826 56
259 641 52
490 575 43
143 737 48
209 221 39
44 749 47
389 512 49
157 673 42
400 536 40
748 825 32
228 282 23
917 948 10
142 913 41
268 461 57
570 791 56
353 629 75
66 347 38
318 967 29
539 557 18
339 466 38
242 573 39
156 496 34
571 701 49
76 817 28
747 817 36
88 998 27
360 896 34
42 508 27
266 670 35
587 984 60
121 180 54
111 619 33
631 971 57
514 832 65
130 775 21
608 751 35
206 953 40
344 390 51
785 867 53
632 634 31
288 511 13
716 969 51
156 472 40
571 991 16
475 518 48
560 650 82
444 545 51
35 125 50
134 351 21
197 691 53
285 449 49
123 685 58
319 342 20
80 408 76
438 787 36
653 714 35
440 885 43
296 631 17
352 380 32
257 902 44
294 976 58
831 983 33
587 745 33
316 467 31
156 254 59
389 804 21
386 640 37
53 875 30
844 963 39
887 916 45
158 883 29
39 772 44
197 924 8
246 382 30
338 889 55
284 546 55
697 914 36
913 917 61
505 696 65
262 644 80
452 944 65
485 584 31
698 834 53
331 696 81
722 862 57
98 447 58
668 1000 14
299 372 36
816 961 19
77 937 45
66 951 110
316 691 58
12 189 39
865 870 7
240 374 59
420 445 29
794 799 49
667 793 40
283 622 36
306 549 21
266 289 35
788 873 36
436 731 22
301 550 49
498 887 30
506 817 48
534 599 45
551 900 50
748 860 44
148 193 32
103 664 64
633 660 70
136 148 42
454 623 61
72 902 21
566 574 41
602 942 33
84 291 50
63 268 41
142 395 62
4 520 54
250 975 43
13 109 32
391 860 37
837 923 44
255 455 66
263 751 54
116 186 50
553 753 41
25 571 17
833 891 43
395 917 47
86 433 23
327 779 90
64 352 42
46 982 27
60 304 60
222 523 49
377 512 75
419 777 32
264 990 16
569 850 40
422 882 26
127 674 40
794 972 60
283 473 60
713 928 80
650 849 52
117 337 20
602 945 34
260 551 41
481 743 48
276 706 73
392 921 6
293 653 38
545 594 68
8 695 66
263 385 67
383 746 52
791 903 63
345 897 38
234 742 60
74 153 41
743 839 56
262 399 62
443 742 27
403 964 44
30 795 39
398 451 32
191 741 44
253 401 64
263 894 65
107 175 45
701 974 49
398 495 38
295 511 23
54 143 55
178 618 23
733 944 38
205 456 8
421 676 31
230 765 56
205 675 52
64 189 10
170 736 25
6 402 62
467 682 39
203 994 40
79 161 11
51 857 53
77 88 34
297 715 52
227 861 28
62 730 47
315 683 20
177 367 66
331 796 74
235 990 24
137 161 50
216 252 61
116 624 76
519 693 39
131 197 68
185 397 19
182 362 44
308 593 53
118 666 46
363 726 68
367 468 30
701 767 55
234 400 26
234 914 18
288 899 44
555 898 44
83 567 64
30 635 12
861 923 24
27 522 30
636 848 52
148 290 20
23 295 46
227 291 46
647 935 39
413 486 48
142 640 56
320 503 60
461 599 34
417 546 40
243 595 56
259 649 36
469 594 30
357 737 12
235 541 39
288 295 27
64 380 38
173 239 61
605 838 32
11 474 43
66 349 86
1 397 14
166 849 61
297 719 25
44 128 65
920 978 9
792 819 51
396 863 48
493 957 37
72 358 46
95 471 40
131 559 15
548 809 32
481 946 45
13 849 75
314 394 39
397 648 69
179 250 46
196 455 47
58 458 49
810 877 12
442 981 74
483 838 51
594 851 63
647 892 58
412 682 22
377 724 76
404 946 55
174 880 29
682 940 51
281 360 51
21 563 50
540 936 49
324 552 46
264 508 30
377 515 23
126 809 19
354 786 53
650 793 53
151 637 46
250 884 76
378 564 67
193 468 68
2 509 22
20 73 51
406 817 32
69 468 44
674 902 22
92 533 23
579 697 51
391 990 15
563 876 50
164 656 57
323 805 70
506 824 53
223 758 51
318 899 60
110 433 58
309 461 19
405 598 38
158 924 58
469 927 29
197 467 26
492 900 73
166 942 38
162 655 40
60 686 30
269 373 32
526 598 41
46 907 17
198 360 52
881 886 26
51 630 27
262 692 48
409 954 51
280 994 43
403 715 13
287 293 46
448 455 22
98 627 17
86 706 63
77 689 52
672 834 51
539 919 60
63 158 33
31 718 35
208 628 35
495 748 10
166 557 65
110 578 58
246 517 57
210 779 53
712 764 58
349 929 65
599 625 30
204 251 33
626 863 47
57 461 25
429 570 72
77 524 82
54 824 28
679 828 70
356 458 58
472 614 54
346 963 38
355 655 53
140 315 57
34 120 59
416 476 58
141 703 58
121 744 58
250 382 15
544 672 46
181 282 60
570 895 58
802 830 32
685 834 25
193 961 43
97 741 26
85 792 10
141 628 5
321 558 36
115 590 43
373 504 42
135 447 52
558 734 14
56 897 22
113 145 45
648 787 36
346 738 54
292 973 31
823 910 36
164 749 61
125 565 33
496 612 57
619 931 63
609 619 50
317 551 68
570 823 23
395 913 23
438 967 50
285 723 48
238 694 29
164 612 69
431 947 55
198 574 53
160 161 84
100 352 33
21 666 44
281 316 25
244 628 58
640 998 47
125 937 39
409 739 60
509 701 39
721 895 48
3 151 39
766 927 48
89 157 45
727 910 18
546 866 33
610 994 34
740 833 42
359 592 34
5 480 63
125 998 32
14 843 17
464 877 45
175 791 68
770 840 43
739 954 76
550 586 41
485 835 46
613 675 26
448 756 45
239 832 73
158 268 27
692 838 61
503 530 40
212 782 30
375 641 60
38 177 24
419 729 48
224 351 27
482 627 69
6 313 51
202 886 49
104 794 45
37 453 19
550 661 53
37 807 22
140 390 57
25 462 36
330 622 56
56 156 66
139 563 41
697 759 32
626 948 38
153 598 14
894 974 60
52 89 27
269 335 63
122 206 33
22 317 44
16 296 23
337 705 33
278 581 18
155 598 48
48 495 20
431 524 58
513 781 69
155 533 40
184 585 46
724 800 66
33 812 37
397 576 36
556 652 59
293 502 60
245 686 68
593 914 50
96 140 22
126 652 37
943 964 17
336 550 47
208 786 62
698 1000 53
630 743 58
717 963 54
782 907 36
94 856 60
259 405 43
49 549 57
568 595 51
512 781 55
455 905 55
450 839 56
433 667 33
342 891 22
47 975 29
412 883 40
499 993 47
51 125 29
258 657 31
233 827 79
87 453 20
172 629 60
228 704 71
234 697 53
416 637 46
262 629 31
178 519 46
412 924 54
36 335 52
602 849 75
832 928 70
96 157 42
128 928 80
531 911 3
233 776 90
647 690 49
685 918 59
767 933 42
85 803 54
177 768 25
67 117 46
319 891 39
549 936 40
569 774 36
369 873 11
68 111 56
376 434 14
680 806 65
73 707 22
590 623 50
293 714 39
791 884 41
399 838 49
852 997 39
248 693 26
299 428 65
710 975 43
34 865 30
276 350 28
159 811 31
431 591 46
213 628 8
56 184 75
336 849 72
475 536 53
24 94 82
4 906 83
48 398 21
567 967 19
146 930 61
223 285 37
824 985 51
66 160 58
558 707 21
139 146 50
308 848 28
762 889 30
193 501 60
426 850 25
10 839 48
207 376 44
398 769 22
129 544 25
143 418 46
110 593 34
16 830 25
178 358 36
488 546 59
517 975 15
53 937 41
619 845 25
705 795 49
245 790 72
513 915 73
420 968 8
173 514 15
108 562 30
7 341 32
303 889 90
202 781 26
438 567 54
457 549 38
107 903 67
226 725 36
61 193 64
42 907 12
842 853 43
283 460 33
606 761 32
332 629 43
314 878 9
124 718 34
231 546 59
930 939 26
451 495 18
979 999 29
126 168 5
23 288 47
30 544 19
150 281 53
135 314 22
351 620 85
424 789 44
42 48 35
258 495 37
472 842 16
582 994 45
761 948 56
386 630 26
149 987 46
271 625 51
303 532 71
463 906 78
777 972 49
71 672 35
600 693 10
414 475 24
509 978 39
11 888 37
793 815 54
520 726 38
517 909 50
418 741 20
634 878 45
626 807 51
6 135 47
481 653 56
44 340 73
447 983 42
191 241 33
186 814 58
659 822 52
355 771 56
54 817 45
249 742 38
22 491 41
334 874 35
702 904 33
224 434 40
492 658 47
34 684 50
251 547 62
469 604 51
232 717 38
379 563 2
753 877 10
108 164 63
742 757 49
510 776 76
393 817 38
76 352 14
423 885 49
519 600 42
321 821 35
243 568 23
171 742 44
982 990 6
110 697 38
171 217 51
119 927 53
307 430 30
21 588 60
237 830 14
667 938 20
204 206 63
288 318 57
850 959 49
255 627 45
447 627 59
224 882 54
342 452 68
472 585 28
300 409 55
289 879 10
205 665 28
65 181 63
50 383 70
256 436 70
113 715 42
620 784 63
194 536 48
81 173 67
30 176 28
464 613 29
217 443 24
396 678 48
238 756 51
446 568 17
72 368 56
4 948 56
497 695 47
327 532 98
5 313 20
162 654 61
548 610 26
837 999 45
152 546 43
19 631 52
577 881 39
12 406 5
101 139 25
185 694 44
373 921 52
404 945 51
213 703 63
83 330 34
728 965 61
307 751 60
39 218 58
82 245 50
450 481 29
147 277 81
120 865 62
459 824 41
326 934 43
34 936 33
119 766 56
657 748 35
168 912 44
299 527 22
118 639 44
488 812 59
274 781 57
370 896 51
174 634 32
361 601 32
506 750 29
405 987 31
17 332 40
199 636 44
98 255 57
221 229 65
111 866 54
660 744 38
677 815 39
109 793 70
36 683 42
856 966 69
152 845 55
716 834 34
287 398 51
394 702 42
862 983 35
453 888 30
292 440 43
410 911 44
226 276 27
642 726 21
74 259 18
332 981 46
31 542 27
182 619 56
355 624 36
539 586 41
767 991 64
259 763 50
61 952 54
84 617 39
559 645 40
3 637 44
59 192 45
25 138 62
202 274 52
734 821 17
61 808 46
476 638 35
124 953 24
256 922 55
338 365 78
494 586 50
574 843 44
405 526 49
436 770 51
580 762 77
544 705 27
520 917 39
40 271 58
769 785 50
299 669 50
52 673 56
164 345 28
207 372 20
332 353 59
612 842 59
355 654 49
89 871 48
171 234 18
180 286 23
77 591 74
125 947 47
412 940 68
659 968 51
481 714 38
598 987 30
568 733 44
733 969 22
26 611 36
270 429 6
169 249 9
200 737 44
431 494 49
255 535 69
349 510 32
314 447 56
230 698 50
427 732 30
260 381 41
665 810 42
97 241 28
156 208 59
623 966 71
729 990 45
482 820 40
918 969 12
128 466 51
104 662 27
369 625 49
561 718 62
338 835 56
444 741 68
397 694 32
240 458 11
440 565 22
224 422 58
107 570 59
178 774 21
598 926 22
678 993 53
341 750 47
919 942 37
179 803 52
362 500 21
385 595 48
325 536 51
52 375 54
56 164 41
499 915 10
429 721 43
382 903 59
89 999 33
931 941 32
24 237 42
817 869 34
609 845 61
833 944 36
125 589 31
97 251 45
566 576 45
368 847 40
157 709 28
198 534 53
730 759 24
183 254 20
714 785 10
429 910 36
190 875 40
918 944 35
611 970 26
33 229 66
108 783 45
5 165 3
192 974 16
663 863 41
673 979 55
27 537 52
338 580 34
565 947 27
884 909 78
571 805 61
12 674 51
304 790 16
12 750 46
145 719 44
338 762 51
797 970 10
200 811 21
222 567 63
731 939 35
444 547 39
669 864 32
716 740 25
84 861 49
48 451 23
51 640 37
709 977 9
108 713 56
150 268 22
795 801 38
152 820 38
329 379 40
584 902 42
35 320 59
444 771 53
417 573 21
3 397 62
612 897 39
63 197 64
102 364 38
926 987 13
103 994 30
153 405 28
175 219 48
151 905 30
476 787 50
363 499 7
572 903 33
519 538 39
74 315 47
366 565 12
291 904 21
89 979 12
43 437 58
247 411 37
434 581 100
510 592 29
35 589 58
530 729 35
828 955 66
150 309 49
427 911 46
590 856 79
780 816 64
239 605 34
181 813 65
228 294 17
75 408 76
688 739 37
661 919 38
313 984 49
265 505 29
292 565 40
10 276 73
361 619 64
176 944 58
794 982 48
150 316 65
673 735 60
764 782 39
124 352 25
74 371 59
16 801 41
2 978 22
40 369 60
70 913 64
354 958 72
327 374 91
12 817 34
667 706 53
655 703 60
562 656 57
649 735 27
235 794 52
678 906 71
328 899 64
261 456 27
493 709 51
495 825 25
509 920 38
311 846 53
9 245 28
321 688 36
19 621 37
592 633 94
423 821 42
164 562 41
713 783 18
172 239 44
15 642 47
536 578 45
255 905 18
168 424 41
58 485 39
378 625 59
43 294 51
54 737 26
5 745 70
665 671 30
19 24 60
84 904 43
171 194 45
342 944 37
111 845 39
238 905 55
437 978 18
379 876 52
548 789 44
331 491 77
371 927 64
455 646 40
198 896 31
265 579 57
422 434 33
101 379 26
85 660 36
860 982 35
82 193 51
92 598 26
174 921 38
650 798 18
524 591 13
71 969 49
73 875 41
445 659 32
677 938 45
96 871 62
344 533 35
563 647 37
134 527 31
600 618 44
210 303 93
709 871 44
118 469 53
697 765 44
455 756 46
50 770 56
554 819 46
389 863 35
7 643 25
276 312 63
222 330 42
140 709 17
645 682 9
344 525 49
110 874 38
465 721 28
185 787 21
356 429 36
55 574 31
699 777 24
257 441 35
350 560 32
80 654 50
678 893 66
185 843 37
693 850 52
243 752 39
219 584 59
400 765 49
974 978 70
289 854 78
122 718 14
264 541 2
97 554 61
166 550 57
256 709 61
723 888 39
413 617 55
238 397 58
411 850 84
491 551 21
556 856 69
288 328 65
146 521 21
429 727 51
507 712 19
208 614 44
433 608 64
799 982 16
357 824 33
346 530 43
710 953 31
7 910 48
577 728 43
427 866 50
90 145 42
384 502 63
159 459 43
369 370 25
419 799 43
168 623 53
320 395 40
815 938 80
50 294 48
30 71 62
319 568 24
699 972 63
490 640 37
59 974 59
326 543 17
14 185 53
172 218 66
357 811 53
174 291 47
190 479 27
495 860 46
803 814 39
572 909 55
269 921 59
665 675 45
210 856 68
25 701 45
455 831 46
386 857 49
368 822 27
349 814 58
68 738 24
463 915 63
57 599 50
468 680 70
363 515 87
257 341 31
186 792 37
81 439 3
51 88 23
89 335 46
41 417 6
369 566 47
77 550 51
401 813 48
650 677 38
936 992 49
111 284 29
650 938 79
286 347 42
4 377 57
547 553 66
239 514 52
38 594 65
394 880 65
123 595 30
141 708 52
91 591 77
66 776 12
176 337 38
255 448 51
773 993 52
36 89 57
445 822 53
606 943 28
141 537 62
246 903 35
403 583 41
968 992 17
714 782 11
370 873 16
685 969 58
435 884 75
313 402 35
239 676 63
515 724 63
721 910 17
355 908 54
218 271 50
280 789 64
219 727 31
605 692 45
634 880 60
904 923 47
215 308 35
429 823 56
188 312 39
105 312 74
696 829 75
900 950 44
273 826 30
676 981 64
630 998 37
272 741 46
494 689 33
93 313 28
500 931 57
273 444 49
43 282 56
622 812 72
129 337 22
102 563 52
533 892 51
362 852 50
199 848 23
134 299 48
314 504 18
24 311 90
236 992 45
755 964 53
633 929 59
173 487 81
421 629 41
720 841 37
463 499 55
527 784 40
455 722 50
466 472 61
225 340 17
141 244 54
555 923 45
214 405 47
436 957 68
61 339 58
561 884 75
84 687 36
696 742 38
391 982 13
11 717 25
23 209 31
270 895 14
435 929 62
553 741 17
187 698 53
541 990 16
105 894 24
8 464 49
429 485 36
315 763 27
681 939 51
239 838 46
222 288 47
383 770 32
626 916 29
519 569 51
236 364 21
451 907 23
484 987 32
97 547 47
47 909 33
443 829 63
839 919 66
42 825 17
126 623 57
336 602 56
820 911 29
353 691 81
668 698 51
338 374 41
751 894 76
633 803 67
310 843 40
819 841 30
379 666 44
62 199 34
29 549 23
114 681 57
615 779 59
419 738 39
517 929 53
573 583 33
15 70 50
288 800 62
570 910 57
477 900 53
187 454 32
326 999 44
227 413 26
343 509 8
349 633 40
53 565 30
553 949 49
90 297 21
56 496 76
909 975 58
273 949 34
97 949 53
750 902 40
421 514 76
585 853 30
598 892 57
241 418 12
311 779 69
532 779 43
165 483 78
298 751 45
199 759 23
36 979 57
240 835 44
396 973 55
5 402 30
48 138 38
135 196 36
317 581 52
678 915 58
351 882 54
62 593 41
31 124 19
128 760 62
662 699 57
215 874 46
132 738 8
561 791 74
636 730 46
552 719 40
228 813 51
783 858 53
285 419 48
9 348 64
217 757 20
759 874 11
235 860 34
887 943 43
214 259 48
234 505 41
720 975 28
568 752 61
174 394 39
686 818 13
277 669 61
75 121 23
308 874 48
181 704 18
74 763 52
105 188 38
361 854 56
116 633 29
90 755 56
202 773 35
569 693 13
41 732 56
27 771 36
157 170 38
521 876 25
324 377 69
385 752 67
359 989 81
605 745 69
367 466 53
50 920 70
295 755 61
415 521 11
459 811 16
28 302 56
194 651 59
466 808 61
394 634 11
299 422 58
114 383 68
471 886 33
65 611 58
288 523 11
13 602 76
112 170 47
169 400 50
234 265 55
509 974 36
109 815 53
6 831 38
103 548 40
736 999 36
656 995 61
23 222 51
414 986 63
249 536 36
493 690 42
328 755 60
189 406 40
123 833 38
651 697 62
503 712 27
372 422 52
374 529 34
256 840 62
28 364 21
35 565 57
193 780 47
233 951 103
149 926 57
361 941 27
53 366 33
436 939 54
244 703 29
932 968 21
565 875 51
514 644 85
305 513 49
395 948 56
485 721 24
400 757 69
194 579 37
45 638 41
460 476 59
17 836 35
885 937 50
20 688 17
241 810 52
75 161 16
21 456 44
390 987 52
529 580 25
192 894 54
360 378 17
110 430 39
179 382 52
361 670 48
780 808 3
475 988 51
170 543 47
836 981 53
399 514 68
151 275 56
237 607 58
382 975 49
110 414 44
408 654 41
607 802 36
667 986 32
631 830 40
34 49 31
384 839 37
103 789 60
98 504 54
198 788 47
133 459 25
19 830 15
759 848 26
18 297 66
635 672 38
201 287 28
621 631 25
324 626 47
75 137 35
271 599 48
371 405 39
349 989 65
608 986 66
168 652 32
353 778 52
174 878 48
278 299 102
411 600 85
462 890 49
373 632 52
6 646 47
664 809 64
640 857 55
719 943 38
668 716 43
180 989 83
258 462 44
922 999 39
314 373 34
49 457 23
102 236 18
136 375 45
329 521 32
679 991 60
424 809 35
217 536 51
777 805 56
878 880 60
256 736 60
524 550 45
315 484 51
138 258 19
310 648 45
261 613 46
443 696 20
668 834 11
93 984 48
123 918 29
219 257 31
496 897 54
51 386 5
175 561 34
224 376 41
520 804 34
81 981 59
127 358 47
11 859 55
132 844 43
191 553 38
58 762 83
63 467 39
234 579 3
331 829 10
448 905 44
296 830 30
458 889 30
528 724 64
441 584 27
635 705 15
157 934 60
326 413 56
118 525 31
661 849 80
102 139 47
177 469 78
236 457 51
249 400 54
370 564 44
20 954 83
299 351 33
533 598 11
50 282 55
434 551 42
79 771 62
796 900 64
13 725 38
387 943 53
187 809 49
132 449 28
107 884 51
275 448 37
133 200 28
410 687 38
229 637 66
564 873 59
48 769 41
47 250 27
552 943 56
684 870 33
147 299 66
119 675 16
86 470 12
22 260 59
330 812 69
372 527 24
324 724 58
42 212 19
224 372 15
44 345 51
89 673 45
129 596 36
250 517 39
479 821 4
129 672 31
167 281 63
91 998 18
343 974 31
465 538 50
748 982 39
344 987 31
144 995 30
358 368 32
577 965 83
23 511 35
75 958 94
707 734 32
916 917 59
353 901 69
172 605 37
280 454 65
211 899 52
84 923 36
522 654 45
55 788 32
52 999 49
106 999 56
58 835 24
355 744 58
432 501 51
264 451 23
251 953 54
38 952 19
343 890 50
241 753 46
223 530 65
597 722 23
349 359 87
53 947 4
464 469 60
303 365 25
426 684 31
703 708 51
91 431 41
356 889 69
607 870 49
494 661 70
351 658 40
331 477 51
332 836 12
819 975 36
731 840 53
128 496 60
799 990 20
68 182 14
594 675 67
322 330 51
283 648 66
289 746 41
272 810 29
590 620 59
247 693 64
340 872 25
125 366 22
596 1000 40
73 479 34
604 613 35
347 510 69
73 734 31
133 159 32
54 406 53
67 652 57
254 897 65
158 281 48
447 905 51
319 401 27
865 932 57
645 940 55
42 714 43
474 943 41
264 799 35
104 805 20
525 666 18
559 682 36
121 137 39
175 257 54
807 887 52
445 992 39
373 878 40
409 558 39
449 758 42
125 490 47
85 206 50
890 933 25
18 899 52
143 357 50
469 675 38
478 720 10
65 401 63
183 853 51
413 555 59
388 507 52
167 218 62
300 321 60
437 701 55
1 637 52
526 673 41
625 896 30
153 926 29
384 743 48
277 278 101
250 572 43
300 688 59
97 204 62
324 515 73
274 440 58
319 969 42
349 776 80
685 740 28
393 542 17
863 917 23
223 723 20
167 625 25
79 624 42
333 594 36
340 995 53
387 755 32
502 714 65
483 487 52
40 534 63
230 833 59
16 802 57
293 785 39
444 695 53
246 884 57
491 900 36
15 324 55
645 901 48
480 722 52
6 983 34
87 761 43
471 947 32
69 193 27
44 164 33
70 389 50
502 653 31
404 481 11
701 920 45
56 345 32
483 984 53
67 966 43
731 770 62
562 713 62
449 738 21
283 476 27
542 869 28
629 778 45
632 702 47
729 982 45
196 646 10
585 806 56
14 564 55
435 517 56
122 975 35
543 922 36
210 620 90
682 883 57
568 918 61
272 665 42
399 692 23
494 591 41
68 699 38
299 882 34
274 773 17
65 452 56
154 408 61
45 787 45
407 876 15
453 723 57
32 939 50
511 523 4
629 676 23
201 398 37
850 865 48
58 356 15
181 611 36
76 124 39
525 639 50
365 532 71
955 970 41
230 668 34
365 889 79
229 322 46
306 457 35
376 711 53
268 691 56
472 806 38
190 321 52
307 730 53
257 674 51
498 724 56
342 401 36
258 867 42
248 850 27
75 624 48
2 437 39
112 736 31
532 856 80
76 100 45
329 647 26
58 270 45
381 492 17
786 853 32
336 942 24
614 842 39
289 323 85
729 758 29
358 693 49
696 757 20
172 676 53
337 635 19
151 238 31
389 396 16
123 342 47
130 533 38
734 875 50
745 838 38
22 381 43
65 813 20
88 490 59
563 666 45
106 486 34
43 955 47
199 593 32
529 538 32
623 789 61
107 267 55
1 576 48
221 962 8
60 818 18
20 558 32
233 349 28
713 872 30
641 763 52
581 900 111
450 945 39
519 618 44
41 209 61
295 297 47
785 907 38
351 428 77
101 302 56
282 611 27
497 628 43
494 919 46
137 958 78
63 353 77
473 899 42
122 554 46
146 540 53
57 480 52
275 597 55
35 640 35
327 365 28
216 269 18
168 187 44
126 912 45
706 798 20
249 443 39
484 926 28
176 635 22
782 785 6
53 998 50
401 891 42
674 847 21
333 768 70
84 898 36
518 757 60
185 576 51
232 715 33
22 551 25
218 480 63
520 948 33
193 808 47
91 630 42
460 622 38
621 801 22
307 667 65
775 987 43
561 572 47
62 765 20
79 654 44
663 726 22
531 546 67
203 424 24
101 407 17
63 836 48
181 228 56
282 955 41
351 864 57
600 616 35
381 551 19
93 304 27
656 783 75
668 833 56
78 888 42
113 297 25
273 766 40
108 872 59
17 158 31
401 446 31
101 647 12
155 926 27
19 971 51
547 949 35
534 625 24
113 387 39
656 760 40
50 228 52
604 671 46
113 755 34
299 864 33
94 846 44
210 365 95
119 594 55
155 525 46
271 480 52
737 810 51
131 467 55
782 825 36
139 540 58
210 615 98
24 296 41
670 972 73
473 567 38
350 815 79
233 660 79
20 965 87
711 829 80
313 960 52
650 706 37
776 989 37
396 726 35
293 769 18
287 769 33
700 994 52
22 711 56
606 626 50
387 887 30
586 942 26
372 434 42
390 533 24
432 816 53
679 746 46
676 836 59
626 761 44
619 941 46
33 488 62
376 491 52
594 768 44
749 872 57
146 549 62
310 438 52
188 263 21
28 457 57
644 778 78
664 742 69
63 412 28
343 920 41
742 829 85
123 969 40
147 784 74
15 512 42
205 525 34
109 849 57
30 337 26
103 700 36
364 811 52
90 242 25
394 921 23
74 526 40
10 13 49
372 882 43
873 980 45
92 987 51
75 654 50
339 680 44
492 582 53
114 436 34
550 557 56
797 976 11
142 490 25
467 691 27
493 935 57
954 965 14
374 538 65
78 723 43
653 785 43
773 973 13
272 671 39
552 964 40
641 961 56
590 652 72
755 800 61
116 744 53
115 532 109
527 669 48
60 984 53
283 967 28
858 928 44
506 747 27
313 831 44
149 259 47
806 842 44
346 997 56
110 988 43
737 824 41
37 717 40
649 816 55
539 602 39
311 532 104
489 539 34
40 980 37
717 723 58
68 754 31
28 379 58
226 350 43
681 828 70
159 985 40
36 52 40
34 932 61
69 148 57
132 758 37
933 974 40
26 970 10
100 393 41
6 304 47
418 810 55
956 962 62
11 844 50
30 129 38
589 857 38
606 887 38
751 848 76
555 941 56
1 310 11
115 779 96
715 964 41
352 817 42
709 922 59
40 275 59
222 511 46
136 348 56
356 895 51
794 805 62
119 671 36
242 403 53
240 889 33
82 686 23
138 769 56
207 658 13
429 465 24
504 921 50
909 929 58
96 170 54
209 573 47
262 516 52
517 803 43
412 691 10
377 893 16
189 267 63
100 175 73
30 672 47
394 504 32
417 859 54
2 974 48
665 877 42
398 867 25
546 911 65
710 819 41
536 651 36
97 418 21
294 611 49
356 835 26
697 874 26
57 99 41
122 124 35
497 522 65
145 715 4
170 256 38
660 792 43
232 573 62
327 458 58
432 818 18
21 525 60
832 838 64
112 999 56
660 803 30
117 544 23
284 732 41
433 470 35
204 841 41
138 495 48
282 970 17
499 512 61
544 795 53
70 948 7
611 797 31
319 733 20
545 851 13
437 509 52
207 784 60
358 618 15
765 874 38
41 546 46
98 702 63
574 873 32
773 886 31
481 764 22
118 671 50
481 782 39
247 569 59
527 864 45
1 535 63
133 824 39
595 918 42
91 937 14
133 357 51
507 575 66
84 854 50
194 475 70
145 717 52
203 582 11
272 753 27
761 917 49
208 806 37
197 940 80
437 752 65
213 244 63
64 747 44
332 778 64
243 437 69
516 629 59
2 243 56
194 578 60
203 809 30
13 226 39
171 400 28
323 991 43
424 658 48
123 740 47
430 986 20
252 486 45
333 927 25
499 781 49
194 914 22
148 816 45
476 967 35
116 349 65
215 636 39
321 479 32
144 783 48
747 822 55
574 788 17
171 536 50
353 981 30
453 761 32
412 901 73
401 733 37
543 837 38
131 412 42
683 763 9
382 572 55
930 935 60
411 426 76
804 948 58
864 882 60
106 375 49
545 826 62
297 552 56
172 838 68
601 852 62
849 942 68
847 902 39
53 885 30
32 329 46
477 491 28
135 983 41
463 973 56
143 753 43
244 522 59
483 587 21
284 852 53
145 583 37
99 218 32
169 171 35
550 591 45
595 894 50
219 721 50
550 919 32
712 729 45
232 859 56
153 987 32
25 425 67
548 623 63
890 974 32
182 997 41
405 926 39
117 705 49
662 860 27
154 162 64
226 502 35
319 446 31
817 996 52
381 900 60
296 795 42
601 609 37
493 892 41
217 742 30
672 1000 54
150 158 17
20 423 66
169 443 39
7 538 41
278 422 59
61 816 60
69 432 60
38 680 25
296 802 58
54 747 31
401 944 57
105 636 65
145 297 56
318 567 41
28 236 7
27 444 67
122 953 14
615 846 59
152 732 34
603 958 53
391 729 34
225 995 38
192 752 38
314 646 56
31 267 52
134 658 20
478 718 23
47 827 44
102 329 45
28 102 20
498 552 21
84 925 11
831 862 36
551 711 31
732 820 58
738 997 40
383 425 60
369 980 37
107 561 53
922 977 62
100 220 60
871 977 52
281 378 66
88 386 24
225 858 59
281 412 64
606 807 19
322 531 78
543 736 24
260 711 42
148 961 63
68 449 28
339 952 61
467 559 62
202 993 22
415 690 60
790 984 33
7 127 41
3 40 44
260 796 42
271 309 53
142 589 50
305 965 47
548 652 55
332 883 36
4 893 44
484 533 22
70 916 57
639 775 29
260 331 63
732 859 12
555 601 59
452 813 36
664 994 39
461 772 42
352 554 36
21 665 55
290 432 26
8 545 39
114 770 60
150 197 64
334 730 6
85 819 58
240 365 77
203 548 15
368 459 54
593 697 20
165 960 42
537 603 57
228 253 33
165 279 58
404 653 45
504 634 37
436 840 32
320 575 12
770 828 16
591 919 75
362 609 36
10 602 31
134 277 33
295 800 56
118 261 22
35 389 57
353 836 69
960 984 61
735 763 35
275 455 20
462 767 18
788 843 45
493 977 45
449 699 20
279 838 15
237 631 36
165 480 61
505 698 59
451 748 27
320 913 20
341 674 29
123 733 46
349 868 93
468 952 62
8 826 24
690 957 31
280 664 17
601 617 63
437 920 14
71 342 60
170 326 33
797 939 69
557 942 38
687 923 49
443 757 39
12 64 29
173 399 75
276 502 54
20 734 22
325 518 51
612 853 38
155 261 46
887 964 33
657 794 37
210 532 25
231 427 34
714 867 56
233 510 60
641 816 56
351 527 12
58 889 55
106 245 62
41 715 47
223 844 50
258 398 30
197 559 69
101 876 28
247 248 48
192 509 51
462 571 51
134 434 46
713 749 50
544 635 13
694 843 61
353 645 72
411 615 84
24 631 26
234 765 43
525 604 33
320 490 47
485 643 46
325 651 17
270 721 38
700 711 52
1 185 7
65 282 56
205 261 34
177 680 27
538 584 39
518 578 51
557 839 33
64 393 41
31 710 32
59 287 30
185 416 28
68 852 31
124 554 26
308 334 17
317 422 32
203 700 60
562 760 62
479 707 22
220 561 22
57 167 69
109 650 51
147 620 25
680 768 46
822 847 17
345 656 82
212 764 38
425 972 63
450 743 21
875 885 30
376 796 50
220 996 34
3 576 54
403 717 44
183 184 34
314 634 48
342 595 47
206 975 30
199 215 30
83 473 51
115 856 37
127 441 42
208 842 30
281 467 43
162 195 23
8 273 11
386 998 27
8 671 57
360 534 74
63 645 42
616 693 32
635 795 50
64 996 37
423 875 51
55 378 65
161 908 53
2 890 58
691 924 61
356 485 25
426 959 46
190 734 12
49 870 40
128 144 58
272 826 36
688 965 74
458 762 43
469 768 74
201 293 20
58 538 55
264 748 39
70 761 51
814 929 28
501 808 71
318 330 62
44 656 35
621 795 51
321 409 6
498 515 90
236 540 59
109 350 27
5 279 56
916 948 53
653 782 46
227 837 32
562 872 76
291 921 31
498 755 48
470 677 57
713 858 48
96 493 40
361 931 9
522 537 33
746 840 67
682 924 66
663 678 40
309 599 17
183 612 52
191 810 50
219 570 59
178 850 50
401 452 43
283 638 46
110 848 41
418 877 47
369 896 44
464 675 28
151 756 20
641 735 27
428 864 38
448 862 23
422 581 74
248 411 83
153 484 3
361 617 61
205 666 30
419 758 35
555 617 18
521 540 51
344 598 44
450 946 55
145 964 41
359 510 58
187 912 25
156 585 25
179 478 16
505 664 50
140 157 44
23 83 56
491 796 29
179 975 4
147 527 74
230 740 39
497 708 59
121 160 58
798 815 19
394 632 34
622 638 52
70 863 20
587 960 66
316 682 64
642 678 38
436 828 37
232 583 32
55 566 50
481 785 44
584 721 25
228 970 39
778 981 27
427 859 39
607 684 17
273 851 24
684 959 23
333 371 40
944 969 24
40 873 63
51 937 35
285 530 41
253 446 65
154 654 33
336 557 46
46 990 24
34 306 47
97 191 37
464 810 53
48 258 22
182 419 42
147 864 35
213 585 63
507 764 52
70 626 39
222 318 22
168 789 10
673 709 52
409 479 36
492 551 25
63 316 69
593 874 7
858 995 40
808 961 63
220 791 73
302 985 58
90 715 38
512 915 71
789 809 18
545 768 74
329 415 23
282 704 78
345 749 57
341 643 47
721 823 51
524 661 71
7 721 32
408 958 20
814 827 61
292 881 51
285 758 15
366 640 31
32 647 49
543 999 36
56 254 60
251 819 49
115 623 71
382 435 16
291 634 42
785 825 34
507 508 58
274 565 50
384 602 42
303 779 54
88 125 49
60 148 42
94 966 11
137 180 61
397 535 60
211 318 14
59 105 55
150 461 59
116 803 39
259 315 54
11 866 44
31 393 34
641 649 28
870 932 51
302 666 38
232 417 41
302 563 31
767 890 31
129 912 54
420 936 53
677 793 19
469 766 41
628 842 64
529 835 50
509 568 58
152 284 50
401 969 54
365 779 68
580 835 39
479 734 19
326 922 27
196 447 37
29 102 35
237 411 90
269 392 59
521 549 60
122 819 18
752 920 52
120 704 44
319 452 68
537 695 66
127 341 42
249 505 56
196 831 40
237 971 53
188 751 34
173 644 71
216 335 46
172 262 62
556 623 52
29 236 48
839 945 28
468 961 60
453 807 22
430 470 54
9 686 47
309 625 46
174 504 37
592 868 45
434 658 46
578 651 12
82 290 5
63 131 65
62 334 47
103 711 60
741 826 42
536 988 41
243 894 70
33 531 51
144 760 15
368 445 30
162 771 26
160 776 49
435 903 52
362 777 53
292 366 51
47 382 24
115 428 76
604 666 47
77 557 44
158 412 44
384 404 42
59 263 27
970 976 7
668 685 34
198 369 33
321 707 52
760 928 36
94 779 106
548 994 52
18 755 59
115 311 63
376 381 41
193 432 36
273 741 58
503 946 48
280 596 50
36 735 37
416 535 49
71 833 57
523 899 54
100 122 40
124 393 31
604 639 48
279 587 61
634 702 31
290 818 29
336 539 56
163 884 10
736 934 43
283 318 43
456 604 36
145 242 45
70 917 3
212 264 25
361 845 65
424 652 48
388 714 43
300 739 49
541 982 22
566 873 45
303 762 61
139 521 29
513 739 44
502 725 10
212 785 33
400 651 62
258 825 42
715 719 42
590 669 45
460 967 42
209 488 51
141 806 51
11 111 58
247 374 68
24 830 53
532 615 99
19 426 59
526 871 40
11 963 45
225 872 27
227 898 16
702 861 36
194 697 17
457 936 14
521 935 43
454 809 29
701 978 38
149 405 26
369 534 33
390 892 32
874 988 46
130 639 17
264 982 21
120 607 58
272 877 18
80 522 5
394 878 38
517 819 48
76 393 11
237 802 43
105 751 60
104 571 68
213 806 51
478 841 44
10 502 46
808 816 65
361 609 26
756 862 56
161 180 81
68 609 63
166 919 28
827 909 34
546 732 16
83 523 63
629 836 38
241 877 43
158 197 53
91 494 55
444 851 55
211 283 50
369 788 47
387 724 63
68 132 30
413 898 34
27 655 12
41 232 42
632 923 44
404 714 31
425 991 41
45 310 51
368 659 27
337 544 8
215 730 43
327 580 85
536 914 52
701 752 44
613 665 21
548 658 50
365 762 50
579 988 55
795 846 72
233 803 70
183 354 73
687 702 43
193 816 30
115 966 62
118 775 47
454 548 54
134 784 55
695 851 41
50 970 68
456 613 32
15 948 43
706 793 23
194 325 66
176 672 22
418 553 20
400 988 32
59 933 24
107 791 24
102 588 20
514 692 48
770 955 59
584 643 28
570 727 47
44 995 55
27 703 55
663 948 55
446 509 62
19 607 41
12 847 57
740 834 50
157 736 50
211 473 11
37 606 21
414 518 71
4 863 48
60 136 47
248 600 25
238 255 64
903 909 55
110 986 58
438 476 16
129 668 46
366 947 31
159 357 24
447 862 45
32 146 24
180 347 41
8 675 59
248 569 15
119 613 39
398 825 23
321 734 40
753 810 7
792 803 57
531 812 75
848 874 36
300 305 23
201 258 54
148 501 58
91 386 42
229 238 66
266 972 59
390 598 27
14 370 54
208 853 48
262 676 12
819 953 21
225 562 54
96 977 10
277 864 48
133 811 12
766 851 27
165 313 20
483 960 45
12 506 19
72 127 19
453 606 34
156 897 50
75 160 76
145 232 30
41 956 34
125 386 31
33 98 50
43 770 53
186 206 40
244 695 35
75 79 16
287 298 45
33 482 53
230 1000 22
59 867 59
211 460 44
688 734 37
62 740 40
217 696 13
151 694 59
746 879 50
607 959 39
908 958 56
287 867 30
485 538 39
585 786 59
546 956 34
266 425 37
227 555 57
497 537 34
290 686 20
100 710 27
175 189 71
48 657 43
674 750 19
137 908 26
715 943 32
259 526 52
487 838 76
777 860 35
936 968 47
376 658 41
77 998 44
310 787 18
289 670 21
676 692 48
108 225 45
611 704 53
312 560 67
844 852 28
99 268 48
118 604 4
96 256 50
80 958 90
510 989 48
307 848 44
31 122 42
245 348 47
256 977 57
94 556 25
690 935 23
776 868 107
534 873 44
270 727 46
138 794 55
415 876 16
811 985 32
456 675 52
667 677 59
673 871 8
154 522 13
438 638 25
500 699 36
397 416 34
179 720 24
122 710 24
245 290 55
262 514 69
192 263 56
501 587 64
371 987 45
305 577 37
215 765 40
799 860 32
43 228 54
26 955 33
584 727 49
572 884 45
107 220 50
6 790 56
146 415 31
374 600 51
40 566 31
95 781 55
207 299 55
185 637 58
71 452 59
415 540 56
551 796 28
351 590 61
135 504 38
233 633 15
491 950 58
560 706 61
358 445 53
384 945 9
128 780 75
439 644 55
233 929 50
101 415 40
562 897 71
955 976 35
178 248 28
7 485 39
219 341 53
835 889 53
672 705 34
25 991 29
400 579 25
87 963 55
475 578 11
854 925 44
62 215 21
61 961 46
19 802 27
710 718 11
339 780 72
250 435 26
539 743 52
323 679 17
752 974 24
114 256 45
406 674 52
671 675 20
117 187 54
463 678 8
5 831 52
473 967 37
455 862 11
350 650 77
102 306 67
885 947 33
282 294 39
69 816 45
411 607 91
124 710 37
435 909 7
156 842 33
345 496 86
240 303 78
243 974 58
232 403 26
30 117 38
93 348 56
230 265 61
35 490 49
177 594 50
101 935 51
124 869 43
413 854 59
230 596 53
262 778 49
426 607 25
149 333 59
269 632 45
82 818 31
381 477 32
227 252 19
685 1000 23
123 636 53
118 205 43
498 528 9
706 815 39
685 833 31
171 249 43
130 926 23
215 740 38
378 896 32
670 931 45
565 640 40
467 924 34
657 662 50
1 638 41
62 759 42
573 732 56
95 881 48
190 558 21
305 954 55
315 673 23
728 954 61
486 837 35
384 725 61
69 808 21
728 739 28
363 915 15
326 736 15
95 565 54
60 82 44
174 392 42
190 423 38
310 397 24
20 479 35
291 632 42
45 185 49
714 769 53
306 870 71
206 819 20
155 344 10
826 851 51
609 670 57
321 954 54
673 977 60
414 697 60
228 955 58
668 672 45
40 722 36
52 763 55
225 713 12
32 957 41
133 364 51
791 823 73
652 789 41
466 496 60
226 560 39
126 789 5
155 371 62
436 681 34
773 881 47
473 523 64
789 912 43
581 950 69
417 866 52
71 944 26
392 904 48
425 805 55
354 853 85
388 712 58
493 681 42
403 943 31
468 808 36
279 487 76
466 780 61
765 914 39
363 678 47
586 602 54
587 838 69
132 997 37
615 966 66
489 743 53
114 746 74
276 560 14
156 614 35
81 421 9
388 764 2
752 978 52
428 590 60
382 827 36
45 535 26
327 889 54
80 497 60
198 370 25
310 576 55
70 520 37
702 921 27
310 694 47
111 859 54
103 424 49
363 377 68
308 636 25
87 606 53
470 793 38
178 693 17
380 393 25
501 818 56
246 827 63
690 876 50
171 265 55
207 277 39
285 963 50
12 747 30
35 575 66
616 850 26
31 352 27
35 913 61
495 982 34
457 968 40
235 982 20
88 91 31
489 945 11
507 855 38
216 632 58
390 690 49
369 574 41
153 390 39
764 946 26
522 958 87
141 497 39
676 778 51
186 819 57
115 669 72
179 517 19
93 790 40
136 686 37
498 916 40
206 478 24
76 380 21
103 203 25
98 878 61
508 782 34
26 282 22
863 916 54
260 492 57
53 440 16
101 521 50
287 933 50
624 660 59
789 994 46
137 654 58
161 624 34
351 784 39
92 344 50
718 720 25
170 977 54
710 720 35
551 950 55
439 442 33
652 912 58
13 350 6
23 523 39
47 246 46
408 603 40
48 867 44
379 647 38
421 981 58
500 609 42
139 647 25
419 699 24
572 791 70
64 506 47
292 471 27
303 338 71
231 687 62
16 846 66
179 718 35
15 726 38
83 283 43
59 890 48
240 580 41
747 824 32
166 336 19
79 908 46
123 716 48
164 897 31
513 993 53
424 454 54
465 823 64
19 120 61
91 689 47
392 394 27
469 851 67
74 735 42
779 856 60
110 759 32
21 205 41
342 733 2
392 632 20
279 960 17
364 588 23
729 799 35
587 832 39
243 343 44
608 848 45
21 379 49
416 787 21
250 903 54
800 899 61
15 893 56
21 985 44
430 667 52
367 808 64
593 848 39
55 370 10
161 195 17
240 529 65
293 825 46
146 876 45
684 850 46
173 442 77
272 418 47
246 572 26
52 106 40
407 415 24
126 424 41
102 540 49
963 997 26
45 622 52
159 200 16
17 99 57
255 756 42
49 306 46
165 402 28
208 213 31
528 887 22
906 915 42
113 552 39
660 814 56
265 698 31
368 774 49
27 162 43
406 996 52
505 742 29
404 782 35
602 839 23
285 346 24
922 934 41
383 679 33
381 700 64
783 995 24
446 891 65
304 831 70
235 391 10
31 76 38
370 574 29
729 855 60
202 881 46
825 867 47
529 643 49
20 881 43
174 627 58
295 328 58
200 824 13
533 987 29
412 559 53
177 927 51
936 959 59
634 861 43
201 298 51
106 216 29
75 908 39
404 743 56
278 376 99
589 630 35
579 914 16
147 351 85
790 818 63
199 730 14
199 334 14
366 937 45
381 491 24
363 906 34
151 255 45
630 857 57
833 1000 50
838 960 30
431 937 43
714 825 43
126 454 13
211 967 29
59 298 56
340 783 29
402 480 48
478 517 34
78 395 57
324 528 32
387 964 38
143 380 40
26 228 45
257 584 56
252 837 35
205 671 48
302 525 55
8 851 27
321 728 38
152 866 48
260 900 30
203 789 46
629 644 103
546 859 26
249 518 69
83 622 48
278 950 67
614 853 5
138 398 48
418 753 48
115 784 65
760 995 30
518 651 42
404 450 35
384 450 34
432 686 10
57 309 39
637 694 14
49 992 42
131 691 48
99 461 18
277 581 118
346 855 58
445 459 39
401 568 39
243 509 37
681 957 37
323 425 20
404 785 38
657 860 54
285 855 64
322 962 19
145 943 32
311 966 50
687 861 42
59 188 48
223 888 49
254 853 43
32 407 45
105 192 47
356 910 54
320 857 43
42 451 14
475 697 70
85 744 57
325 414 20
330 460 40
827 975 73
280 505 63
202 513 55
448 646 30
86 677 68
105 974 59
134 882 57
41 242 28
172 692 42
166 494 72
229 622 49
297 800 78
534 597 60
60 348 57
807 943 45
46 391 38
557 602 49
512 520 47
112 934 50
423 734 45
177 339 70
214 333 61
277 882 31
241 826 45
691 901 74
610 700 49
262 421 21
642 804 38
186 803 23
399 676 58
119 464 43
193 818 54
187 596 43
124 542 15
181 294 66
192 385 54
86 430 42
182 699 38
104 991 55
596 698 41
386 937 40
76 869 14
82 375 57
76 189 26
140 526 57
745 960 35
2 343 20
716 1000 32
136 290 24
665 753 47
37 403 44
300 728 44
154 958 76
521 939 64
396 520 28
482 687 50
662 799 58
388 782 38
94 115 57
153 533 24
219 441 50
273 695 58
520 863 21
372 658 33
57 271 44
110 730 46
169 696 31
132 223 42
6 93 28
815 849 52
688 881 39
73 423 16
381 434 55
224 658 19
5 984 60
745 984 58
358 774 17
416 648 55
138 748 40
184 354 80
384 539 49
104 500 49
571 767 53
524 885 84
71 176 37
511 899 57
407 521 34
260 950 66
488 962 34
485 727 51
465 727 50
739 881 38
347 989 48
197 412 46
44 783 58
356 721 48
235 758 48
91 125 49
424 623 55
342 833 48
3 756 50
258 287 51
338 411 91
479 954 85
508 946 40
607 850 47
601 845 34
173 692 54
400 914 12
305 739 28
43 50 4
67 94 53
340 749 33
733 891 23
16 24 28
561 710 52
591 885 72
256 934 19
470 938 16
823 895 45
9 375 33
528 964 44
129 635 27
200 985 43
513 881 67
110 307 49
279 483 41
403 606 52
90 719 33
38 333 64
458 835 34
530 855 27
173 676 72
403 474 17
128 164 78
413 923 35
419 754 19
415 935 39
850 870 52
385 636 51
564 574 54
325 475 6
207 224 8
516 692 24
11 284 40
322 812 20
66 359 114
191 877 48
29 415 45
930 957 38
27 80 31
117 635 35
589 640 30
506 822 42
95 773 11
248 616 15
277 527 18
593 759 13
376 581 111
53 431 52
939 955 49
270 910 30
427 820 29
562 783 45
22 278 87
457 932 53
252 632 21
306 936 29
189 380 38
227 921 50
310 416 28
97 143 59
638 648 41
343 978 40
468 780 33
421 439 8
662 972 43
382 517 41
221 488 38
10 489 36
453 943 52
764 785 44
72 822 41
41 573 22
287 312 70
273 545 33
601 619 42
454 912 32
510 868 61
333 952 74
514 516 72
295 899 65
223 346 23
324 893 66
66 233 98
617 923 52
18 288 42
303 327 37
22 492 42
459 985 47
516 838 63
350 725 44
142 575 19
612 614 39
58 465 34
231 911 16
417 583 14
264 391 30
743 764 57
132 182 17
305 688 50
154 655 27
380 869 13
460 473 54
522 771 65
241 553 9
257 727 54
678 781 39
496 842 46
43 253 64
70 395 50
405 484 30
530 712 33
680 952 33
301 885 54
305 409 59
416 638 23
739 965 72
20 821 34
39 722 62
424 610 35
267 572 55
82 136 19
569 616 20
792 841 23
5 304 61
130 344 13
98 482 63
99 599 22
431 998 55
588 992 52
28 563 58
195 655 52
719 964 27
354 603 75
214 371 34
4 512 43
618 659 35
457 992 38
93 165 47
271 980 33
26 976 4
54 159 25
147 428 17
73 885 49
44 108 53
61 680 70
82 432 30
72 441 41
128 656 32
25 657 55
46 451 12
552 724 61
172 516 18
169 505 47
108 345 54
218 599 44
700 796 55
659 932 38
654 908 36
100 542 33
776 951 113
863 948 14
132 963 45
480 772 43
892 935 39
131 940 30
18 511 48
96 681 62
678 726 24
269 394 49
290 375 61
140 673 57
16 237 17
176 544 34
199 874 26
429 895 16
329 563 39
447 878 52
275 905 55
345 562 46
617 898 50
224 299 50
281 924 26
73 558 30
341 902 15
212 825 34
293 782 45
25 767 37
19 684 54
226 653 60
376 492 32
509 752 14
307 608 29
450 489 46
693 774 33
517 814 64
123 891 57
244 537 34
29 521 43
201 769 16
426 865 47
500 754 50
252 898 32
50 253 61
478 953 29
190 821 24
140 892 63
754 758 42
121 286 77
283 438 39
726 804 59
748 794 39
224 277 34
237 296 32
219 910 46
271 534 38
6 196 38
258 769 41
92 892 33
277 351 23
209 330 39
72 750 33
474 888 46
566 597 54
530 723 64
515 906 58
206 792 45
92 484 36
294 813 41
614 786 35
243 978 64
243 920 59
510 951 48
938 986 47
391 907 43
189 220 64
22 434 26
71 705 47
545 949 56
653 725 39
775 926 40
425 879 78
112 922 44
285 729 39
163 903 20
151 535 50
14 397 46
86 986 22
336 586 20
625 980 49
277 422 50
376 950 63
168 203 48
893 906 46
695 766 60
675 766 59
99 625 51
891 944 17
677 798 28
22 950 40
414 651 34
228 976 42
240 762 37
273 464 59
407 647 17
1 843 37
101 563 25
531 820 30
173 439 65
504 878 11
147 669 35
632 921 23
752 894 68
499 678 49
339 806 54
4 726 42
360 924 71
720 819 10
71 635 58
109 276 42
349 592 55
38 768 49
495 794 44
833 918 29
726 893 65
262 439 28
928 995 53
374 569 67
828 930 67
167 378 65
405 533 45
530 758 43
265 280 36
350 849 71
750 847 12
645 883 56
601 925 59
261 604 24
236 306 71
216 245 60
276 725 50
81 676 39
186 744 52
798 938 64
347 592 97
519 580 56
216 375 62
163 250 73
89 922 50
511 800 69
306 540 29
2 752 33
116 814 23
226 312 53
618 693 35
14 574 31
127 902 29
149 639 58
812 962 36
558 688 45
200 459 29
389 463 53
356 580 63
242 715 42
716 918 50
51 77 54
77 301 62
416 438 47
633 776 86
206 251 55
201 263 63
51 366 49
324 498 25
100 561 48
139 379 42
17 63 35
408 908 40
60 790 47
537 628 66
170 922 17
156 184 45
471 875 35
87 807 38
191 418 24
194 988 20
763 871 33
593 988 40
238 416 60
65 704 73
270 823 50
352 542 14
173 421 66
973 993 53
66 592 101
13 502 46
451 990 34
384 489 19
793 938 27
217 400 67
348 790 30
6 348 58
17 150 30
373 394 33
454 652 40
275 722 33
308 751 77
392 634 19
156 183 75
141 208 39
374 458 62
67 544 67
144 340 75
329 588 60
298 312 25
389 948 46
503 575 51
733 833 48
343 701 33
487 514 68
439 514 76
168 809 23
304 313 44
60 587 77
487 928 58
211 288 59
683 871 31
251 841 38
379 407 38
64 76 31
392 702 28
17 268 11
380 817 27
4 324 49
592 989 68
8 949 42
385 894 3
203 610 12
105 263 41
578 988 40
364 968 48
624 744 24
620 669 30
120 684 53
16 971 56
407 935 46
79 121 35
736 979 58
249 696 26
512 906 76
139 415 20
95 886 26
564 843 70
261 344 50
157 922 37
92 390 2
428 784 60
362 754 44
526 735 61
136 818 39
501 686 58
854 923 61
502 560 67
591 661 80
32 521 21
508 712 53
127 774 46
360 625 57
351 669 56
89 763 57
408 522 72
197 316 6
597 980 37
452 704 72
465 485 13
535 694 29
200 747 45
215 334 40
83 222 17
166 661 29
654 958 61
90 583 46
684 865 26
865 936 57
7 441 21
266 679 61
830 971 41
617 941 59
459 968 60
284 997 50
575 913 31
482 911 30
702 880 48
162 355 31
265 664 28
331 711 71
477 796 27
387 528 16
148 432 10
390 493 56
169 742 32
914 988 40
253 813 25
340 562 53
451 825 11
118 613 39
569 600 16
152 427 21
212 907 11
653 769 56
701 890 45
96 709 18
163 791 49
359 868 22
382 929 55
1 648 55
636 894 51
797 955 43
198 564 47
453 474 51
69 961 47
184 254 27
139 407 9
11 232 43
699 754 18
708 786 51
391 541 30
119 604 31
607 865 42
308 608 55
51 998 22
136 432 45
543 934 60
844 997 14
436 930 38
212 541 24
473 511 64
247 616 60
64 869 41
253 282 55
42 398 40
113 528 53
39 402 50
727 895 48
538 835 42
251 720 58
762 835 75
272 553 30
192 890 32
300 513 70
20 739 52
104 860 51
44 760 53
347 868 114
227 617 61
557 919 46
334 759 28
3 694 50
116 660 42
55 896 49
167 309 33
119 333 52
804 913 58
93 983 56
937 947 43
16 621 24
171 505 34
159 737 29
317 950 33
455 983 45
477 711 25
196 862 38
780 961 62
153 526 32
158 467 36
409 728 33
691 940 76
207 527 39
573 956 14
44 144 39
36 763 34
388 481 23
419 449 22
870 959 10
236 549 58
139 935 49
536 696 59
427 956 55
659 774 37
374 411 73
181 797 64
382 909 10
895 910 36
39 597 62
563 588 55
134 207 8
3 238 38
136 245 32
730 848 10
434 882 48
221 322 22
189 996 34
861 898 26
24 846 40
550 689 48
335 486 46
341 441 13
633 744 70
389 917 51
109 226 65
233 814 34
145 417 51
15 916 38
681 690 64
477 492 47
553 810 46
245 375 32
367 952 43
627 905 62
804 863 50
335 999 55
242 956 53
316 360 71
56 183 78
112 413 50
491 492 39
342 446 50
54 133 57
311 615 19
312 751 28
34 870 26
29 540 18
357 380 52
11 997 48
179 819 33
178 600 26
555 925 16
220 257 63
239 516 28
392 861 25
302 588 53
140 871 50
95 274 12
73 821 31
252 413 36
370 566 55
64 817 16
860 990 41
452 891 58
377 916 76
395 761 61
22 422 46
83 460 12
236 968 60
292 886 26
337 912 46
37 474 40
259 735 29
600 850 51
400 697 34
95 292 15
440 471 19
210 311 99
130 598 44
216 394 66
176 705 13
318 511 61
246 435 31
66 510 78
337 672 47
465 910 32
41 145 48
628 708 52
49 959 49
82 816 50
255 447 48
783 928 75
289 425 70
388 450 44
76 542 27
277 372 20
590 784 22
634 921 14
453 717 40
242 297 45
153 315 51
24 795 49
282 976 19
289 931 63
368 420 56
335 375 41
208 585 34
417 732 51
33 221 66
137 355 56
256 326 61
175 220 14
184 897 71
138 933 57
631 795 35
154 703 49
475 651 17
446 920 66
26 939 64
31 561 53
423 558 41
488 573 45
777 794 45
92 926 39
499 906 40
4 663 56
152 410 45
431 689 19
467 901 91
86 938 27
539 839 18
389 520 15
12 996 47
490 857 19
173 262 64
182 449 21
206 660 55
681 731 25
65 294 21
670 746 53
491 711 30
493 930 61
237 801 50
39 165 58
315 735 53
142 857 22
15 377 70
811 824 34
353 682 80
323 701 74
374 693 58
865 959 4
42 785 33
343 752 13
66 989 34
219 823 44
90 403 51
130 261 50
472 853 58
277 784 57
533 926 18
57 772 26
299 620 76
803 929 50
34 457 46
308 730 22
575 857 35
689 885 50
552 887 33
347 633 60
94 615 56
519 643 37
67 912 53
738 852 47
74 649 53
228 797 48
5 93 47
577 886 63
143 877 51
100 124 23
631 801 30
809 994 33
75 180 73
205 613 29
520 663 23
233 592 82
77 630 41
275 862 30
235 419 40
134 376 48
110 325 60
298 769 66
121 355 38
339 367 25
9 136 14
225 783 17
240 338 23
367 680 41
58 895 55
100 267 48
527 590 62
671 826 45
162 744 61
663 804 37
63 691 18
74 641 67
685 716 10
171 696 64
163 435 70
508 541 28
420 457 47
28 588 4
483 745 13
719 755 35
60 432 35
132 699 47
556 966 20
465 835 47
487 858 60
2 920 26
208 472 40
760 783 52
261 775 35
489 942 51
46 48 33
209 242 53
592 951 22
52 486 56
213 708 46
328 511 72
486 543 58
159 824 15
593 765 41
720 792 59
320 855 64
114 930 70
476 648 40
23 221 63
144 225 64
845 852 43
886 973 43
570 721 73
646 878 56
80 244 55
331 700 62
582 700 55
269 486 49
477 829 61
632 861 29
284 866 26
827 929 34
348 818 67
586 839 47
49 420 40
608 730 52
253 452 61
713 995 34
554 953 32
528 552 18
204 547 50
309 772 47
296 971 40
416 694 34
59 767 60
222 460 27
425 746 39
304 984 29
781 993 17
534 980 26
1 14 53
248 426 49
442 778 48
322 622 67
169 536 39
639 987 29
160 180 6
82 148 24
85 841 29
501 780 73
376 422 47
183 614 55
396 804 26
741 949 36
19 237 18
560 798 69
807 888 51
29 306 44
579 765 41
616 774 44
409 821 38
51 589 17
559 901 49
219 220 61
655 771 40
485 910 35
17 691 52
178 659 45
474 583 47
793 798 38
47 179 33
421 778 36
522 603 34
38 927 61
409 707 57
430 848 58
503 857 65
560 725 62
358 659 27
649 683 63
63 883 14
223 738 49
454 994 54
796 829 83
206 841 22
638 787 21
327 762 25
335 979 36
923 925 45
553 877 36
547 771 58
612 786 62
69 501 66
525 775 34
222 967 49
111 852 26
362 449 43
699 738 41
381 711 13
307 334 55
444 949 34
204 819 67
469 671 56
267 561 8
296 621 10
195 355 10
454 789 12
582 809 40
610 789 52
247 600 56
682 691 26
859 866 12
46 825 22
58 429 40
548 582 21
202 739 59
688 954 72
67 556 44
393 869 14
558 821 4
196 448 39
68 844 43
546 820 57
3 535 61
150 924 68
201 653 52
109 706 48
323 571 47
95 202 45
508 785 38
621 971 33
240 327 49
858 872 72
784 864 61
577 993 57
182 852 39
443 505 56
45 416 25
494 550 17
362 619 49
803 841 47
7 584 8
188 287 57
45 229 54
274 292 17
127 847 44
413 543 40
277 299 17
85 186 32
22 581 96
103 610 14
496 656 67
391 799 8
268 883 28
169 518 77
266 746 29
131 901 42
596 672 53
186 841 33
184 208 65
339 472 67
195 771 48
833 969 28
512 893 60
482 904 49
445 968 36
148 818 24
220 267 16
144 872 90
364 420 51
325 697 65
619 844 47
336 661 42
8 766 35
402 862 57
722 980 59
546 583 52
126 994 49
20 707 52
556 846 65
613 671 19
33 880 52
193 290 46
738 754 25
212 451 32
313 790 59
204 792 19
652 809 52
24 621 47
557 586 27
27 603 58
463 512 18
666 775 46
36 673 53
319 595 47
474 717 27
527 620 77
300 965 24
586 661 57
39 57 47
581 882 88
264 907 15
61 367 36
319 944 56
63 901 85
477 700 57
448 983 41
239 692 16
681 930 26
623 784 54
54 380 46
500 972 44
319 918 40
342 568 44
90 113 33
105 385 26
500 805 52
839 942 37
52 335 23
898 923 3
691 836 65
144 928 51
31 100 7
324 916 23
336 919 16
301 524 32
611 813 70
20 190 30
145 474 26
61 780 43
198 378 39
802 971 43
736 922 14
169 757 27
26 43 66
297 755 37
891 969 18
539 942 41
334 608 52
649 763 62
150 167 49
149 371 20
233 347 66
616 618 45
135 646 41
183 786 43
74 484 43
315 871 24
109 560 38
263 287 40
318 523 62
53 125 48
46 264 12
112 326 17
126 548 41
803 975 51
305 321 64
198 873 31
56 612 46
972 991 54
15 515 87
80 655 31
329 407 9
768 952 67
344 639 28
707 821 21
58 240 60
420 992 21
279 605 45
170 709 53
79 355 8
522 703 38
361 879 57
68 362 33
854 941 59
36 375 51
109 798 44
127 643 29
628 703 62
713 760 64
311 556 61
661 942 64
364 459 47
32 690 50
50 978 73
301 937 65
299 784 58
766 768 63
349 951 76
607 830 54
194 400 17
642 863 43
484 526 33
328 800 3
333 469 36
169 234 52
186 660 15
23 242 58
752 890 50
406 747 25
165 304 62
205 302 48
440 886 52
241 949 48
601 931 36
185 438 56
489 557 51
122 478 16
490 913 63
284 859 30
60 501 60
227 923 16
537 655 56
301 591 20
738 758 40
107 163 60
108 749 9
35 142 53
118 119 34
116 929 51
144 562 49
472 496 41
603 908 59
211 222 34
528 626 48
157 979 56
264 495 31
83 511 60
185 310 5
720 953 23
252 392 36
340 713 28
359 776 118
83 967 47
347 349 63
232 866 46
687 904 10
163 246 55
370 378 63
489 839 19
55 564 53
697 988 21
139 329 3
218 461 15
825 907 28
410 531 44
146 329 53
132 285 35
151 448 63
130 987 23
456 666 24
585 612 47
585 842 14
41 90 50
72 674 22
489 602 25
190 409 53
574 576 29
38 214 61
80 708 70
445 811 54
50 437 57
861 921 30
670 805 74
331 381 82
643 902 40
498 626 52
947 998 51
465 584 42
513 577 31
274 886 37
321 965 62
36 641 33
249 757 18
231 488 58
90 964 54
731 930 18
9 818 52
308 759 43
86 667 11
103 582 24
128 808 74
691 883 32
158 836 63
232 474 19
155 639 19
188 298 35
503 507 22
202 973 41
328 724 63
427 546 31
462 748 58
717 888 22
122 179 31
855 946 64
260 829 72
462 657 24
119 469 25
9 290 30
31 554 45
464 826 35
580 889 69
783 872 43
59 201 58
106 335 19
206 803 42
63 682 43
46 508 35
654 655 42
41 583 12
197 682 58
147 590 76
371 926 58
471 773 50
435 572 56
170 934 26
768 927 50
272 464 32
245 335 63
393 554 36
279 832 64
262 981 66
74 214 50
303 458 88
46 748 30
352 869 21
214 952 53
207 434 44
121 908 55
45 694 26
98 174 41
376 551 31
441 902 21
463 993 53
86 307 57
49 968 34
37 87 38
80 537 28
117 129 39
733 918 21
388 946 26
81 778 34
515 916 85
586 919 20
289 361 65
564 788 37
32 876 31
396 663 14
351 372 19
554 869 42
29 139 43
252 861 30
291 923 38
270 570 67
190 707 31
236 588 10
55 198 27
441 643 39
126 203 45
706 938 46
781 973 42
547 741 49
3 566 36
599 772 49
669 784 39
32 139 44
43 828 68
620 864 50
424 582 29
492 711 24
146 935 52
449 500 50
206 517 37
221 956 63
235 729 32
647 876 20
279 399 63
288 473 56
227 486 55
242 583 28
541 825 34
244 497 16
595 969 53
251 554 44
167 599 20
845 941 40
149 153 54
384 481 45
476 567 40
222 473 40
362 699 37
555 687 58
89 736 55
54 200 38
438 648 27
1 416 26
571 679 62
120 181 54
528 916 42
307 470 68
512 663 31
27 654 53
280 809 62
610 809 35
112 837 52
87 888 24
138 657 20
383 840 51
562 995 52
21 302 19
861 904 36
260 477 25
731 828 51
505 579 44
631 846 63
61 466 72
195 624 30
144 713 62
439 778 36
98 880 16
279 745 29
94 311 39
211 567 34
730 874 32
924 940 84
16 19 35
374 519 56
77 494 39
291 861 20
20 886 56
507 946 27
363 512 59
246 250 20
483 832 43
217 249 16
470 986 34
231 410 30
522 655 28
425 679 31
37 761 37
389 663 19
346 729 57
891 918 29
144 858 62
194 234 39
22 796 52
238 637 15
81 442 32
113 964 28
154 603 25
439 981 61
166 586 39
20 409 36
33 911 53
315 526 19
42 264 20
50 65 66
150 467 51
241 272 39
163 382 79
268 332 50
253 294 18
407 563 37
267 710 56
487 745 55
188 608 65
545 695 28
556 615 79
112 543 21
5 39 59
541 799 36
660 841 45
479 558 7
206 720 20
840 930 69
130 155 6
175 267 29
195 744 53
482 702 53
247 850 48
117 912 34
433 938 48
462 794 55
5 483 76
9 82 26
307 986 40
486 999 38
15 863 35
332 691 58
662 777 34
171 579 20
487 832 13
280 698 20
626 917 40
115 210 91
68 500 50
165 831 50
291 392 28
28 992 49
606 964 36
674 822 37
134 372 15
31 220 63
463 781 38
566 980 46
51 490 42
192 343 47
4 515 74
379 588 55
142 320 23
250 827 51
271 722 60
728 734 52
431 885 32
295 523 21
724 755 62
704 813 70
445 932 38
55 980 52
627 812 67
253 611 60
271 597 41
664 698 30
18 523 44
366 998 45
373 634 43
410 427 44
711 796 4
388 508 31
254 585 68
202 499 68
22 900 56
45 397 47
291 687 29
127 529 63
78 717 61
37 78 48
324 387 46
264 825 33
544 912 53
712 946 36
30 705 15
10 350 52
246 909 30
363 893 61
520 642 25
204 660 54
223 997 37
230 834 25
414 433 65
263 933 47
198 625 54
595 636 54
125 440 50
132 754 31
826 949 41
519 774 42
57 218 12
517 720 41
16 795 54
110 475 65
524 919 72
374 580 29
33 962 59
46 541 14
466 806 71
23 330 41
368 750 47
115 620 68
750 822 21
10 942 61
868 951 29
463 726 23
73 190 23
190 688 46
171 443 66
92 690 50
142 503 65
293 398 30
327 338 53
870 936 51
837 898 43
179 206 28
132 346 47
225 749 39
317 900 75
83 211 42
169 579 54
247 607 65
442 629 78
168 548 43
617 925 33
75 162 52
346 723 26
254 614 47
725 945 64
182 738 11
650 815 2
344 775 16
290 816 47
898 904 49
33 627 41
261 639 46
723 997 54
118 456 37
224 527 36
428 527 68
49 936 18
38 367 52
171 914 27
33 322 51
71 891 38
188 385 63
10 945 38
515 893 37
44 562 24
427 531 48
1 787 24
458 580 40
252 269 54
233 868 120
439 629 49
188 894 61
397 637 45
562 749 24
450 764 43
441 721 43
74 683 46
66 868 102
402 455 63
513 728 70
67 623 66
107 823 69
90 295 58
844 845 63
248 618 51
447 448 27
731 955 66
609 879 71
121 195 44
201 867 13
591 689 31
688 821 46
102 549 50
737 811 54
459 992 51
126 610 52
286 776 36
619 852 22
55 873 7
158 332 63
553 826 38
158 316 55
723 963 28
48 201 56
79 408 78
159 747 43
357 985 49
512 726 10
187 664 59
462 933 58
534 896 42
49 865 46
42 541 20
278 434 87
833 834 51
32 930 54
387 719 39
769 867 4
14 576 23
535 637 20
13 276 27
25 323 63
512 642 29
617 879 80
687 925 45
46 212 28
329 876 20
18 295 35
369 378 68
463 663 35
478 975 20
100 953 37
60 290 44
381 796 10
828 840 28
423 707 25
442 676 70
490 589 25
618 774 3
161 744 55
63 332 42
582 658 53
125 640 17
346 758 38
109 677 68
1 45 45
205 604 41
582 610 12
339 468 47
160 347 44
507 530 48
301 494 38
652 966 75
31 953 37
223 963 15
191 753 44
322 488 49
292 773 25
103 809 43
642 663 3
46 799 43
167 896 43
517 827 59
167 461 51
45 238 43
101 329 24
695 703 62
53 471 35
892 957 45
187 789 39
181 970 61
794 860 20
501 928 74
265 742 55
363 993 52
238 535 24
756 905 24
161 162 39
152 531 64
143 810 47
294 970 55
430 608 58
45 637 31
414 988 47
497 703 28
616 659 52
555 854 28
350 798 70
106 269 45
672 944 47
364 992 32
488 911 48
347 776 27
907 982 36
113 943 39
37 888 40
801 971 35
19 296 44
624 771 60
217 829 85
132 419 43
78 453 30
651 988 41
81 629 49
325 988 46
430 938 67
267 996 39
263 312 52
18 328 25
333 639 60
75 286 94
94 623 77
846 966 45
106 979 46
254 786 49
781 915 54
137 408 64
388 785 44
212 388 37
189 352 34
88 589 36
189 393 35
451 541 25
46 495 21
114 731 55
801 830 45
354 408 81
749 783 37
139 876 18
282 797 27
104 777 39
560 815 84
447 646 29
888 963 42
320 804 68
609 931 19
499 893 68
184 614 22
328 523 68
798 849 63
275 831 59
342 969 22
155 775 16
10 384 41
449 754 4
495 541 32
516 676 46
662 805 45
184 612 33
119 261 54
229 535 46
679 770 64
371 639 47
213 497 47
496 585 48
677 706 24
749 995 54
576 843 24
266 879 42
122 720 13
334 636 41
536 757 42
372 784 58
646 831 44
528 755 47
488 956 35
673 683 25
138 462 27
62 308 49
304 348 40
217 505 54
416 622 60
358 569 50
716 833 23
478 710 32
688 728 16
143 241 53
687 898 50
331 443 68
214 987 69
326 837 54
397 843 31
174 702 26
265 994 65
356 465 22
609 941 36
644 676 91
388 404 31
88 630 12
354 708 52
32 415 25
218 309 31
47 929 46
396 642 14
344 926 25
298 867 63
357 747 45
243 446 32
738 844 45
197 281 28
108 340 35
291 898 40
78 606 58
583 715 36
404 764 30
266 991 70
495 657 44
406 750 45
286 633 97
446 733 50
434 950 60
130 484 51
456 525 27
440 947 13
268 836 45
399 605 25
440 875 29
506 847 40
39 480 11
377 906 45
75 195 31
482 880 50
876 957 59
498 964 53
212 508 9
441 674 40
25 890 55
740 1000 46
805 991 46
129 705 36
284 845 59
289 609 77
74 405 29
85 204 19
79 162 37
14 788 29
127 519 37
628 806 49
262 442 61
202 577 47
87 717 43
157 871 36
172 399 26
133 737 50
239 399 18
131 682 22
805 972 9
481 945 53
621 830 23
521 647 45
121 624 47
72 643 44
316 924 4
402 831 31
125 630 55
199 308 23
630 937 48
524 689 43
898 925 44
343 437 54
873 896 50
258 767 51
317 434 49
185 638 40
216 486 42
600 774 42
9 148 50
178 569 15
589 998 38
78 761 38
182 754 25
474 715 29
714 764 44
605 960 55
24 615 91
180 776 49
1 694 38
241 547 61
466 468 54
362 931 54
40 597 26
158 691 40
243 319 46
271 772 19
738 963 51
711 900 65
138 767 34
470 706 52
29 146 52
641 683 57
120 959 59
312 608 58
868 989 70
212 946 48
556 590 68
832 858 71
86 793 50
148 686 12
126 187 43
601 941 6
467 883 47
230 716 37
684 802 41
486 979 48
603 655 50
879 931 56
78 87 19
583 956 45
42 46 14
542 953 37
191 272 55
130 371 57
690 892 17
194 874 40
745 832 45
239 279 59
150 883 38
54 357 15
244 545 63
386 589 13
449 777 41
484 598 12
43 976 66
18 800 22
7 257 52
596 664 66
247 426 45
415 647 35
318 473 23
681 840 62
140 977 16
166 602 68
433 986 3
683 735 37
526 683 35
115 615 78
727 823 25
8 444 60
270 356 39
446 813 60
463 642 33
538 580 46
65 253 6
44 56 73
354 537 89
301 431 26
559 691 60
420 659 44
854 898 60
470 667 5
15 663 46
347 951 113
79 137 48
442 644 30
358 847 47
266 323 55
214 649 63
424 548 9
413 837 13
88 937 37
209 322 60
390 484 37
55 534 48
213 842 60
209 956 53
410 820 21
216 373 48
96 934 58
10 725 39
627 880 31
107 219 67
163 572 48
202 915 69
99 309 7
154 537 44
231 482 33
227 632 36
20 321 37
380 542 41
670 879 18
526 763 43
851 949 53
504 627 69
37 943 33
527 882 48
215 759 49
662 794 18
575 855 58
595 733 46
38 339 64
732 866 22
546 573 41
68 619 45
144 656 31
737 753 53
301 689 13
156 612 29
194 765 44
270 465 24
254 612 34
75 355 22
741 877 53
366 440 31
120 802 35
64 406 30
389 726 40
492 796 21
163 909 73
336 839 58
89 106 57
503 729 66
545 766 35
114 828 45
200 357 39
196 983 8
80 603 38
297 328 79
834 1000 4
318 460 31
490 630 54
26 797 11
732 956 49
145 403 9
363 781 53
435 827 35
35 804 37
266 805 56
456 665 35
423 479 44
529 693 55
111 997 41
56 562 75
207 351 28
876 935 32
260 491 21
