1000 5751
182 363 8
9 410 39
157 418 69
228 999 18
99 720 51
711 814 38
284 907 26
373 709 89
784 880 57
581 814 48
43 917 38
229 625 9
252 398 22
5 426 32
199 398 39
237 745 37
661 871 34
329 347 43
38 548 38
730 731 44
418 664 27
38 391 54
272 713 34
90 914 28
142 711 35
81 235 46
504 667 62
802 948 29
610 730 21
712 731 20
122 486 37
350 578 58
808 889 61
71 437 48
663 666 23
358 791 48
294 461 61
155 926 29
285 344 44
84 773 69
194 308 49
10 452 56
456 956 65
571 680 27
128 388 77
188 983 54
336 469 32
97 865 80
342 444 58
532 961 41
3 239 23
289 577 48
714 764 59
200 901 60
667 716 27
146 254 63
47 399 35
537 538 31
478 666 8
398 784 53
151 905 55
47 931 17
557 665 22
456 504 38
68 168 56
395 885 23
43 543 28
61 964 65
549 742 27
42 53 32
57 893 49
342 391 36
659 860 92
51 643 26
256 915 53
537 574 51
14 582 18
141 576 51
757 955 50
362 900 35
179 785 78
470 704 61
524 923 25
643 690 58
83 500 30
102 702 17
506 807 51
355 788 50
218 518 62
105 868 47
369 429 28
172 427 37
481 657 57
9 861 30
90 886 8
394 607 37
868 893 43
326 329 43
11 397 72
260 694 31
382 544 34
194 809 23
165 935 60
809 962 56
148 407 49
527 843 12
48 821 61
573 710 56
499 870 37
731 887 50
14 52 71
285 479 45
410 668 33
612 752 35
245 733 51
224 473 35
754 772 42
104 142 16
116 988 52
750 992 33
785 943 33
87 445 54
10 827 52
203 339 50
235 646 34
412 682 29
485 684 29
139 719 47
293 366 56
740 947 13
229 888 19
21 421 58
306 480 62
445 507 54
311 329 30
209 622 20
216 601 11
186 832 40
707 925 22
485 699 27
4 581 47
106 542 54
227 798 47
284 971 41
95 872 70
434 588 62
263 911 26
134 588 53
53 247 52
584 714 20
192 473 18
8 731 53
771 901 23
32 478 44
617 953 22
289 662 15
542 957 41
300 840 15
95 591 70
164 210 98
616 736 61
479 988 13
179 974 69
827 851 62
173 914 33
725 950 69
512 911 38
144 575 57
113 544 55
81 99 13
531 913 54
668 904 45
104 763 55
11 282 56
196 571 42
148 359 50
72 555 43
607 996 44
378 993 38
722 995 32
236 570 28
882 966 63
320 387 81
608 753 24
395 764 43
525 996 46
42 996 30
184 637 41
203 444 24
528 825 44
272 589 24
235 855 21
226 761 56
266 728 53
216 257 38
641 839 53
87 170 12
253 998 50
233 736 49
546 572 22
258 460 19
946 974 53
173 635 55
841 961 56
606 792 58
786 840 44
15 748 15
119 706 45
314 630 61
84 905 69
467 579 58
705 770 48
64 101 14
496 631 64
185 721 55
101 926 20
596 947 46
143 783 28
138 980 25
158 864 80
437 554 23
267 492 28
375 696 18
117 380 89
121 246 30
94 843 60
290 700 30
835 856 54
448 553 14
287 771 30
626 832 20
235 845 83
233 932 58
233 370 25
524 991 51
202 617 31
258 447 39
669 795 50
116 227 35
389 915 50
570 941 22
7 542 27
407 877 31
501 800 29
429 738 39
204 777 58
509 831 35
147 681 55
449 571 48
648 907 57
253 302 26
53 317 58
776 781 35
470 506 65
437 595 50
172 432 20
744 927 26
190 741 52
43 746 22
588 827 14
100 162 37
182 463 54
465 566 36
138 613 55
280 848 51
308 809 50
628 741 6
896 992 29
248 415 8
69 891 50
619 787 51
124 581 47
465 497 57
239 859 62
170 665 62
585 937 19
531 896 61
104 711 41
2 855 50
191 355 83
171 630 21
177 778 106
64 521 63
567 725 75
446 459 37
483 626 43
195 452 41
228 293 34
60 967 37
107 310 55
514 639 4
739 856 59
37 560 44
120 316 63
52 814 24
370 898 34
604 606 27
594 830 13
462 920 44
632 853 35
460 765 51
110 290 56
447 598 47
400 569 28
429 486 45
196 632 52
398 694 59
860 948 51
333 580 53
759 860 20
245 975 70
433 896 35
79 440 25
244 580 66
445 701 43
660 829 32
320 852 36
343 598 33
400 432 36
247 626 31
924 985 55
559 564 52
71 219 16
379 637 26
358 413 27
702 960 50
199 323 69
340 982 39
233 718 22
287 822 36
453 456 57
449 680 46
663 973 41
361 558 2
137 593 50
247 336 53
688 794 42
625 778 70
93 717 35
534 976 43
862 948 4
846 857 55
101 288 56
540 556 28
385 754 57
226 783 50
758 833 61
224 266 32
263 265 14
196 400 41
691 843 56
40 760 51
75 156 58
69 533 23
116 593 35
471 766 33
297 515 30
615 897 50
923 971 58
255 992 16
432 477 50
825 878 65
224 407 48
47 423 44
332 508 68
742 920 33
63 454 40
754 999 21
471 668 33
37 904 17
77 973 62
109 546 7
100 975 46
361 507 39
176 334 49
284 648 35
315 524 12
507 920 26
282 465 62
297 811 41
117 975 59
320 920 7
565 820 59
268 652 30
238 535 19
127 525 49
194 681 29
342 470 65
348 662 28
69 650 45
110 605 38
826 976 37
159 202 51
305 527 49
630 913 60
336 735 34
112 377 64
383 859 61
195 488 45
336 537 49
497 498 35
215 794 52
289 873 37
201 430 25
544 736 53
601 966 56
612 897 55
7 854 22
342 627 62
642 946 53
287 627 24
296 302 42
343 379 44
89 348 40
407 748 27
181 906 30
330 711 14
16 811 32
597 946 62
387 803 83
270 345 45
258 496 54
539 906 51
51 65 40
49 289 57
174 918 51
405 557 64
266 423 37
194 751 60
833 870 37
445 930 55
93 182 52
32 321 9
267 950 52
423 488 31
17 650 57
571 831 51
759 857 32
696 842 56
425 621 63
16 706 49
47 671 43
5 56 10
419 474 47
651 927 52
44 820 61
80 531 49
183 909 59
567 634 67
784 894 38
346 741 40
118 452 23
22 616 94
51 171 48
678 899 34
367 576 58
560 766 28
265 513 40
549 558 48
189 897 47
67 936 39
168 497 51
624 999 86
277 868 43
44 625 64
256 671 23
326 347 64
492 678 50
22 442 35
250 263 7
460 865 42
203 479 51
191 214 58
243 793 14
752 842 50
325 697 42
334 927 53
284 409 50
501 534 62
39 870 57
185 839 67
577 879 52
432 669 8
163 914 47
793 853 19
427 697 54
474 701 47
873 879 12
381 667 39
432 722 19
27 296 23
19 519 18
552 627 47
553 789 76
130 283 56
273 346 50
14 25 12
568 917 61
575 750 35
333 425 60
72 332 30
362 582 82
629 677 56
208 513 57
788 920 27
705 767 49
523 702 61
257 966 55
144 675 37
267 892 32
27 302 43
98 947 7
440 577 37
701 788 59
508 751 15
296 919 42
299 672 45
784 903 72
597 974 71
834 988 51
44 177 61
131 500 64
296 378 68
585 702 75
16 119 65
151 694 15
333 621 69
918 971 52
537 592 43
61 658 54
158 570 66
91 184 38
105 547 38
330 618 39
522 778 42
191 672 63
45 842 44
77 909 53
255 539 60
426 632 11
238 432 42
352 948 60
358 428 27
46 230 15
708 880 61
234 814 58
716 956 46
409 558 62
62 521 86
600 651 75
656 937 66
53 996 12
331 578 64
202 618 56
364 502 55
134 851 12
406 617 92
592 626 28
884 945 36
716 861 51
399 671 53
652 826 62
597 785 23
95 903 29
136 380 51
477 715 8
80 984 62
25 52 81
138 790 64
521 987 57
60 840 53
285 333 50
120 557 61
660 920 16
71 623 46
65 314 36
464 855 53
267 678 24
176 809 51
21 663 41
116 865 41
192 224 44
56 121 28
142 322 44
87 466 51
116 583 62
354 934 41
756 812 59
246 449 31
248 783 49
208 523 63
402 628 43
147 439 42
441 670 22
430 684 50
131 243 63
697 715 39
754 964 55
398 872 38
491 858 62
158 813 38
207 318 48
71 892 45
30 528 58
265 693 28
396 868 16
139 344 57
81 720 43
771 922 7
52 959 44
355 803 32
935 989 40
173 186 37
634 738 35
398 559 49
350 374 18
382 924 57
507 852 4
10 516 60
174 971 51
822 922 30
196 680 18
299 461 38
502 674 5
829 920 34
247 832 48
21 32 25
193 326 27
319 532 36
251 537 41
731 874 34
635 943 33
139 496 23
283 418 45
486 738 51
138 146 58
259 265 46
104 298 38
267 734 49
421 860 56
163 737 27
48 956 37
171 614 68
378 885 29
276 782 19
239 727 55
70 511 25
198 756 54
252 494 61
335 649 48
205 685 45
313 347 18
293 341 30
197 825 42
383 779 42
986 1000 26
337 534 15
67 647 46
734 938 33
568 684 38
520 909 47
24 113 62
158 738 68
870 874 57
18 103 51
123 875 36
62 659 88
380 656 68
380 435 69
706 811 35
80 614 62
822 951 60
333 988 28
517 707 46
257 572 50
13 148 41
373 819 22
486 567 20
310 544 55
93 501 25
116 479 60
723 806 54
871 969 45
19 921 51
63 648 60
198 551 25
426 853 37
242 922 12
312 451 40
565 625 62
784 997 6
44 902 64
401 502 26
191 461 58
193 329 17
272 695 54
414 534 50
462 660 30
604 981 29
350 587 60
410 766 35
7 172 45
645 796 46
883 891 62
49 345 60
906 958 27
565 902 60
305 843 59
276 689 42
372 670 36
16 515 54
774 861 49
187 566 8
149 934 29
365 607 55
669 722 11
154 883 29
234 322 53
113 739 45
89 493 47
682 744 71
109 173 50
239 843 43
248 761 48
91 219 21
591 749 57
36 879 29
652 682 60
546 635 45
452 804 19
543 699 69
759 802 32
26 940 55
593 765 35
22 732 84
773 880 48
294 390 29
470 548 13
161 299 41
93 377 55
22 709 73
295 681 60
355 660 34
750 896 10
34 125 40
836 844 38
503 946 8
233 797 39
111 971 20
358 430 38
172 238 41
279 837 11
137 139 62
754 838 94
530 555 62
122 796 60
152 930 42
150 253 68
162 435 26
168 393 51
541 897 46
111 263 54
379 796 49
72 596 50
425 676 69
154 533 26
725 813 83
51 314 46
500 793 47
436 642 62
165 997 60
466 549 27
547 726 41
404 965 2
52 124 37
67 120 45
114 653 11
25 776 33
249 427 54
816 848 65
214 461 11
260 960 39
268 337 23
110 182 47
516 825 45
669 715 37
488 847 49
306 957 62
471 910 41
105 726 14
242 822 21
123 340 66
245 702 65
141 163 26
796 954 59
26 141 54
224 931 48
23 467 21
712 874 40
638 831 8
252 784 42
37 774 45
706 968 36
344 771 31
498 792 22
137 496 42
117 435 31
312 679 56
637 939 52
612 695 46
15 511 27
158 725 48
585 769 65
259 409 43
908 975 60
374 587 70
32 220 56
397 497 51
218 985 69
726 884 56
92 891 28
79 347 14
210 641 40
303 928 29
545 699 31
165 989 36
550 933 28
125 367 44
564 893 52
110 150 67
45 419 62
765 798 51
291 651 66
357 614 28
102 208 29
180 434 25
502 683 69
39 427 41
166 495 60
259 918 54
681 809 12
582 781 56
265 280 52
431 982 8
442 616 73
24 648 65
448 855 24
37 484 29
448 698 40
138 749 70
164 435 75
222 600 60
68 383 56
280 702 60
840 969 42
593 598 47
646 720 54
305 620 44
799 811 73
199 773 30
352 862 63
187 209 30
51 550 48
572 635 25
217 418 44
602 684 50
718 898 24
367 914 57
46 577 48
748 970 56
182 858 13
363 717 50
485 816 59
50 623 41
193 311 16
48 885 54
93 112 30
770 874 30
308 433 24
115 119 18
435 733 45
338 840 46
360 395 11
540 922 32
448 720 54
243 853 32
482 953 43
712 770 38
639 802 32
752 895 65
92 154 16
459 935 57
371 392 20
268 596 49
279 519 25
635 966 4
112 652 62
350 929 55
58 383 11
42 692 56
207 383 5
377 800 49
66 701 47
579 827 42
431 884 54
458 841 58
360 747 38
823 983 57
347 440 24
316 420 57
622 928 6
671 931 27
336 915 37
580 619 66
259 263 44
717 729 8
105 274 42
280 602 60
151 199 64
78 230 12
153 513 23
5 768 50
262 405 44
245 937 13
339 719 35
111 907 11
379 623 13
3 206 30
530 750 48
617 618 27
480 499 36
20 98 59
7 669 48
586 938 23
706 925 3
559 726 56
455 585 63
465 846 30
242 344 46
3 727 38
110 893 58
19 279 36
57 175 61
313 493 8
332 555 15
838 864 74
427 957 65
19 837 34
106 640 58
274 547 37
575 992 56
67 132 31
295 840 55
259 349 73
173 601 39
1 258 33
82 382 40
226 977 43
65 933 59
674 817 33
8 281 67
97 813 63
882 943 47
562 883 54
846 928 62
457 972 11
91 890 32
708 872 66
421 857 57
726 935 38
958 992 43
693 848 26
791 960 36
203 333 43
282 622 39
142 688 8
773 872 64
148 256 51
821 910 55
310 732 42
321 663 41
228 754 39
898 932 59
438 887 33
373 417 35
594 740 60
320 474 34
492 938 46
152 524 49
356 497 28
779 972 41
466 852 43
478 973 28
676 787 29
240 657 43
903 997 75
161 648 14
48 774 25
309 885 41
450 550 32
241 878 15
149 791 24
301 724 46
193 440 26
130 683 49
473 728 36
573 578 70
138 340 50
235 553 27
121 831 18
167 437 58
731 844 25
210 839 14
122 219 53
38 470 47
139 166 18
770 887 50
41 357 50
196 261 62
629 827 59
134 655 49
641 769 72
259 284 50
9 37 5
234 794 41
562 889 49
534 826 39
339 922 18
331 983 38
236 941 8
560 910 53
397 846 62
4 959 39
324 636 69
111 284 36
568 816 64
60 237 52
133 936 48
375 842 39
693 746 57
120 967 29
518 797 65
34 761 15
90 574 26
506 548 53
618 794 38
61 921 55
429 813 59
485 543 61
201 699 43
327 432 41
355 387 53
257 914 34
521 522 40
295 338 20
735 783 39
362 781 30
726 868 39
804 818 50
24 835 51
63 299 42
153 693 11
156 958 47
935 990 56
781 841 65
358 485 44
156 657 55
354 358 35
221 966 48
134 977 8
290 564 58
215 322 48
478 807 37
354 430 59
572 943 35
508 530 50
766 972 24
34 467 52
437 939 22
333 342 42
885 956 55
74 565 44
983 990 54
670 831 71
316 388 37
137 258 29
747 815 49
58 168 48
123 749 62
590 613 59
197 611 12
729 800 40
458 959 39
269 632 5
695 842 24
843 859 48
117 278 20
390 672 46
447 787 62
83 457 9
283 664 26
202 517 35
73 939 35
141 783 33
398 459 49
475 577 71
46 879 54
653 861 50
31 776 18
631 865 26
179 882 50
294 558 35
292 426 53
688 836 34
76 863 71
15 338 48
415 579 63
663 704 33
255 368 50
360 378 35
228 271 70
538 574 43
225 853 20
67 536 19
281 306 10
109 572 29
292 632 50
66 994 55
134 180 53
541 696 34
469 783 25
329 801 65
292 449 50
212 822 62
238 569 40
314 439 30
19 251 47
207 393 11
18 885 12
348 577 61
331 605 39
10 629 9
271 725 44
101 663 49
57 578 66
138 254 64
44 565 4
288 521 25
526 905 57
194 962 48
298 312 43
135 707 21
140 834 34
307 502 16
173 257 2
178 605 64
938 964 53
286 899 41
639 659 51
500 668 43
277 884 35
365 863 11
617 679 35
742 852 15
99 845 45
528 878 52
547 559 40
215 618 17
679 794 46
823 945 35
507 742 15
172 325 54
408 609 6
441 497 74
566 846 51
456 861 43
5 292 31
499 731 51
90 837 36
532 870 47
41 156 36
560 904 36
367 411 65
310 382 52
460 619 47
276 421 31
469 537 52
913 984 55
103 131 67
583 850 38
337 976 31
462 829 33
492 892 53
59 109 21
635 974 60
277 823 51
754 864 46
559 935 32
312 763 41
152 991 52
181 984 53
286 892 27
66 665 60
708 903 23
190 714 41
84 260 18
791 934 11
60 969 14
222 316 37
719 988 54
514 948 17
885 993 18
244 631 54
312 584 52
3 94 48
72 211 30
646 855 15
241 805 10
400 715 37
393 955 53
56 831 35
11 782 31
341 385 15
765 916 34
819 835 59
213 296 34
4 814 54
40 450 47
705 887 3
330 468 35
673 902 63
416 817 34
190 763 37
369 570 54
322 711 32
414 800 69
199 894 42
308 751 42
369 725 49
711 794 16
276 876 61
436 785 36
28 48 62
118 677 15
131 281 27
189 647 39
396 983 42
648 971 65
396 893 41
148 365 38
483 832 24
390 461 41
844 887 26
560 685 34
442 986 24
343 416 51
664 691 61
375 488 51
39 172 61
748 877 4
753 906 57
295 551 22
432 535 54
330 828 44
436 780 55
345 367 42
62 625 96
364 686 58
217 603 57
163 576 34
618 953 46
273 590 42
215 482 39
885 929 62
429 634 8
135 297 46
813 941 58
10 644 38
103 395 47
7 249 16
236 916 33
689 759 46
70 863 28
87 752 52
310 417 64
198 338 31
10 195 40
535 957 28
66 466 50
77 352 47
232 930 40
125 248 35
773 839 78
516 818 64
387 660 71
466 701 52
31 582 20
227 460 38
42 525 55
54 774 40
363 858 6
79 873 49
164 721 58
347 577 20
221 475 68
663 807 29
30 195 54
943 966 30
202 403 16
318 779 15
583 798 37
313 873 42
175 919 57
759 862 63
803 869 39
167 184 56
272 805 53
210 694 97
25 900 53
495 834 57
133 300 26
62 565 54
207 620 43
786 871 51
159 617 46
124 142 39
274 559 25
402 755 13
275 778 93
327 697 33
640 870 42
459 559 29
78 662 23
797 924 53
406 618 70
396 446 37
472 779 17
187 857 55
746 991 70
242 552 43
517 925 38
209 928 21
349 975 53
39 961 34
133 473 51
105 945 55
542 854 46
598 765 36
198 970 44
497 604 52
63 461 40
191 390 92
492 654 36
776 900 34
824 895 28
857 860 50
69 562 61
33 643 32
35 936 49
36 577 60
226 979 56
659 862 60
888 902 39
302 328 51
242 901 38
346 613 39
222 895 50
515 749 76
97 236 32
177 565 63
412 927 59
264 487 19
507 829 26
193 493 52
485 568 16
741 755 36
309 767 40
164 839 92
330 867 40
247 404 21
738 796 49
118 805 79
53 394 49
599 859 41
5 509 44
575 751 44
217 283 12
253 301 70
107 732 55
261 638 59
320 462 41
72 744 24
442 736 51
89 313 43
495 719 41
65 126 50
89 230 45
308 368 51
532 542 58
113 417 42
404 777 27
738 916 63
327 722 24
744 912 27
221 780 62
402 741 49
236 765 66
816 917 12
875 884 43
307 595 46
82 718 59
16 707 56
18 281 63
96 729 21
28 747 52
340 431 45
170 445 45
583 631 49
586 734 23
256 389 52
684 866 42
272 878 47
211 661 53
176 756 20
24 907 53
38 807 63
520 704 41
93 858 39
12 418 59
250 991 50
501 729 43
558 742 48
189 745 54
295 812 52
204 915 17
55 81 56
752 824 44
352 421 54
260 354 72
455 656 15
621 686 36
232 991 26
35 748 53
277 396 45
170 695 61
605 893 33
250 280 52
452 611 48
495 771 31
166 834 3
368 575 12
48 904 60
339 822 46
10 434 45
321 909 18
457 472 26
570 916 57
749 811 63
103 309 46
96 594 64
35 192 50
576 914 30
340 613 24
302 561 61
6 377 55
225 632 53
54 205 57
618 867 65
366 505 53
389 655 16
69 883 12
123 138 20
28 956 26
66 507 53
457 471 43
423 847 54
326 577 68
243 457 38
430 568 46
37 205 57
151 769 52
737 783 30
447 954 58
543 545 52
499 640 60
240 978 49
492 734 22
745 967 49
462 466 51
508 809 61
294 803 59
294 299 31
477 795 26
774 956 52
85 424 38
151 252 68
753 891 46
206 727 19
381 653 50
558 829 32
387 474 81
599 727 47
15 192 42
715 722 27
920 994 54
344 951 36
8 844 39
40 563 45
272 842 58
327 400 41
51 933 23
404 626 47
61 371 21
148 671 44
240 984 55
612 745 62
429 487 56
417 736 55
520 987 17
404 607 47
19 186 43
704 926 38
11 187 49
438 584 12
129 993 40
68 393 41
114 381 59
23 125 61
18 378 40
676 683 60
72 682 48
165 784 55
223 674 14
436 882 39
339 627 34
504 861 26
257 353 56
493 577 44
162 721 11
115 925 45
298 763 40
382 736 31
262 969 54
385 503 19
180 389 33
361 852 36
34 226 49
149 602 24
95 708 29
261 680 45
722 795 42
247 251 37
325 715 40
83 853 55
221 785 45
159 403 40
244 460 42
337 596 43
488 615 7
338 511 53
536 609 42
351 413 18
225 426 53
79 475 60
432 569 14
135 925 35
252 997 37
159 618 49
916 941 36
315 930 15
388 594 43
555 682 36
105 983 28
455 975 54
144 464 27
73 595 55
8 770 24
734 964 57
341 505 44
404 537 47
14 781 60
46 289 18
123 799 76
61 392 14
679 953 45
10 588 54
511 970 44
427 532 28
523 775 52
554 939 31
175 578 63
79 801 71
282 857 35
715 995 25
46 873 52
554 657 52
233 898 20
837 886 29
381 720 64
105 396 42
119 811 71
25 781 64
49 353 17
575 962 53
678 892 17
197 615 44
275 565 55
144 530 47
182 717 56
93 337 46
416 645 52
180 399 39
120 536 41
94 691 16
106 874 57
445 994 52
206 599 36
620 955 17
254 799 52
362 758 39
192 877 32
220 973 20
447 619 24
285 719 17
633 817 31
46 348 35
670 981 32
220 506 32
334 756 36
271 999 59
397 465 66
724 919 63
149 512 65
552 822 30
107 819 41
860 876 29
655 977 55
341 999 29
351 934 55
208 791 38
186 837 11
363 729 55
90 538 28
203 342 45
797 932 54
422 514 45
719 771 45
275 902 80
78 879 53
632 963 16
321 926 44
198 840 17
213 253 20
368 433 28
502 595 44
227 583 28
109 943 60
145 512 26
93 800 8
566 928 17
654 772 53
460 598 60
680 831 37
49 546 47
95 997 55
829 869 27
234 618 35
302 998 50
55 646 68
319 961 23
427 810 51
183 352 48
443 681 58
45 528 42
235 448 35
122 881 48
307 817 31
394 996 53
608 984 42
729 947 42
160 885 57
734 772 63
685 972 48
222 420 45
466 742 43
129 929 31
245 775 67
190 312 39
89 801 52
697 795 46
32 987 32
201 568 39
416 595 44
238 957 34
134 143 56
600 830 63
596 661 57
59 216 30
481 891 40
53 832 48
243 972 44
16 799 65
684 791 46
52 610 59
474 788 17
117 819 46
741 982 57
550 944 41
772 864 53
304 741 7
312 741 57
179 293 24
485 545 47
607 687 43
376 723 4
127 921 24
299 518 61
444 901 33
222 557 46
249 542 25
226 467 57
114 160 62
55 464 36
397 498 69
607 777 57
593 954 38
346 628 45
116 447 39
530 575 14
62 177 29
761 979 59
640 758 60
89 873 8
785 966 62
123 254 47
80 958 45
105 990 44
154 562 64
3 527 55
545 746 57
485 917 53
4 841 70
74 229 35
114 667 27
26 270 44
562 727 20
401 416 38
102 960 36
668 910 17
860 862 54
695 994 62
756 786 5
408 557 64
4 458 22
100 380 79
17 723 39
749 799 15
49 601 38
729 740 50
431 875 55
579 977 36
94 527 56
326 475 6
216 966 46
352 860 12
87 701 14
549 920 12
453 504 33
323 641 14
106 499 35
766 779 53
772 938 68
89 347 45
76 965 22
654 743 63
321 666 50
727 806 66
690 760 57
50 219 10
330 794 13
815 885 60
487 890 58
428 485 30
350 755 59
174 869 39
308 439 56
426 963 7
551 877 56
455 733 11
540 951 48
777 965 28
223 686 55
281 993 62
522 556 47
199 494 64
300 969 39
40 658 46
236 954 63
351 430 40
271 366 51
397 792 63
708 894 50
157 283 36
120 745 32
340 875 66
395 747 40
478 548 61
81 855 54
640 959 48
932 985 56
140 771 39
118 241 70
104 836 39
615 629 62
226 579 60
104 794 42
287 556 53
633 657 44
299 361 61
324 582 83
136 278 57
660 788 22
569 995 44
114 956 64
213 302 9
466 474 26
129 747 54
307 343 67
320 507 32
36 662 55
263 991 52
464 575 53
124 959 36
451 573 56
155 288 48
677 818 35
345 940 31
273 710 49
531 690 29
35 224 6
488 897 43
70 748 47
854 957 34
133 198 22
133 840 14
33 550 34
585 908 34
149 208 19
515 811 23
54 668 51
75 984 53
225 963 49
86 711 30
439 531 54
74 625 39
313 577 37
269 426 16
58 207 11
262 609 23
161 284 29
322 482 15
317 921 40
205 723 15
894 903 72
408 967 30
549 869 21
128 334 22
348 879 31
125 737 30
820 888 58
59 601 32
556 922 51
184 219 19
674 676 65
395 993 17
316 408 57
733 975 47
221 326 72
56 768 40
289 345 71
135 953 59
185 380 38
449 606 63
235 675 56
279 886 34
554 595 49
60 133 45
386 986 4
526 935 39
43 600 70
505 838 81
591 945 52
386 442 25
875 980 52
611 818 42
272 818 55
790 811 68
558 672 35
506 663 53
118 589 71
22 310 67
92 481 50
703 792 41
409 648 64
48 747 38
121 372 51
567 738 59
621 676 10
184 678 34
373 382 62
534 947 45
428 699 40
176 300 41
220 663 36
447 593 28
397 843 69
227 258 33
234 406 62
476 704 32
426 489 30
361 803 27
472 972 27
553 720 43
485 491 55
639 860 49
87 788 53
561 667 51
221 572 36
482 617 25
86 124 46
387 419 57
546 601 18
22 386 51
288 522 32
40 550 18
424 600 59
150 724 15
9 774 40
697 810 35
544 819 41
337 652 50
325 722 47
2 575 50
115 403 71
354 413 10
305 955 48
249 535 13
111 259 14
152 424 20
415 783 51
78 873 49
489 963 24
562 650 17
15 863 64
248 467 56
20 545 36
636 952 97
778 849 34
446 726 34
175 605 66
470 476 57
336 783 54
41 614 53
50 184 18
248 979 59
370 985 50
1 244 53
608 978 55
204 469 55
325 432 55
9 560 43
110 363 53
830 976 48
225 243 33
14 362 80
459 526 21
469 735 34
94 418 20
538 837 35
21 973 55
438 767 58
800 858 44
396 726 31
947 976 2
465 622 44
139 834 19
525 921 27
402 587 59
54 484 28
760 944 31
154 891 41
281 770 69
591 799 66
609 967 24
401 657 47
27 919 30
111 409 41
294 672 38
458 758 20
555 912 60
328 561 11
490 599 69
21 77 24
434 827 70
289 348 19
780 785 49
334 661 32
789 855 71
117 656 58
192 728 34
272 528 37
204 389 34
505 946 45
343 619 58
138 968 62
250 971 60
179 503 25
58 955 38
71 678 38
224 647 37
67 189 54
111 856 46
540 552 47
419 788 51
242 951 41
135 706 37
163 537 50
241 528 62
311 440 27
176 681 43
148 915 58
356 981 21
410 484 44
311 780 68
3 843 65
343 954 61
60 871 51
188 277 62
487 634 55
125 141 25
277 547 58
71 939 55
231 465 25
21 478 34
204 783 58
260 494 47
654 938 53
205 376 17
780 943 72
558 852 36
98 729 40
511 748 41
136 656 58
533 603 73
56 426 36
370 797 54
368 896 35
529 762 17
56 638 40
350 628 75
1 598 47
919 949 48
593 631 23
456 653 8
57 277 58
165 591 44
463 491 60
848 917 55
202 679 43
344 719 29
52 458 60
95 894 65
112 800 29
87 994 13
498 981 45
587 755 53
126 658 42
483 519 15
630 690 35
24 856 28
47 266 39
177 625 83
367 940 30
184 899 22
159 517 52
90 257 21
649 978 62
382 417 29
161 390 39
35 473 41
264 486 59
704 987 41
280 693 52
335 533 37
539 750 67
843 955 65
316 609 62
258 850 34
211 291 22
15 728 41
925 968 36
689 876 25
102 149 11
201 491 38
566 857 49
191 299 90
709 736 80
181 608 33
244 787 67
189 541 56
410 471 26
145 848 45
1 447 25
369 486 72
35 407 50
63 924 38
26 574 32
36 348 60
325 327 32
144 235 63
905 997 52
39 88 66
292 638 29
56 292 21
551 970 20
228 385 33
443 809 47
201 358 57
156 437 53
794 828 31
226 415 5
665 824 40
398 494 45
734 881 39
194 812 36
101 321 25
298 584 57
371 772 66
273 298 54
58 68 54
174 409 32
134 579 40
580 686 53
490 806 39
452 677 8
134 415 53
1 765 37
204 655 49
21 666 32
58 318 57
82 924 38
496 865 63
29 99 59
173 574 28
412 744 43
650 806 61
142 298 53
760 933 33
785 882 34
460 593 17
328 384 4
818 878 49
740 826 27
315 918 24
72 291 33
616 718 56
596 830 60
513 911 20
403 953 5
157 603 32
116 244 36
141 143 44
264 379 52
94 283 63
392 743 32
303 604 54
751 962 27
24 284 42
68 768 30
162 455 48
160 956 9
277 983 9
293 385 26
922 951 42
176 786 15
86 234 16
236 813 64
423 897 19
148 863 46
147 812 50
28 378 55
398 905 5
282 928 42
351 684 45
261 509 33
466 660 22
607 965 46
229 275 55
195 611 28
187 928 11
872 894 30
155 704 18
743 772 47
128 291 61
388 420 70
459 905 45
403 517 43
199 641 77
257 886 28
145 911 48
924 932 12
296 929 53
945 990 15
496 850 36
70 148 43
789 806 73
83 471 38
363 800 49
44 522 62
228 503 43
410 560 28
103 767 37
331 893 52
378 929 34
325 810 32
451 755 37
701 994 22
83 779 46
90 279 39
417 732 77
386 1000 25
166 285 38
538 886 22
643 760 21
211 412 46
508 555 55
92 533 13
121 449 34
343 637 63
319 841 72
125 270 33
258 593 34
658 692 27
782 846 27
644 851 41
16 146 39
202 953 12
77 666 45
167 899 35
386 616 48
797 898 21
573 755 26
142 828 44
412 912 32
323 694 84
256 931 35
735 915 21
659 802 81
187 231 21
470 663 61
247 537 37
143 977 53
366 624 79
673 778 49
416 674 37
724 998 41
264 738 40
35 728 27
145 153 48
418 506 73
651 830 45
492 881 26
7 432 42
125 163 41
76 247 43
8 103 49
375 897 29
549 829 23
67 262 21
63 214 39
222 405 49
446 526 19
206 650 49
10 851 57
2 530 43
138 591 62
112 947 27
695 752 38
453 720 56
588 979 66
681 786 57
202 215 45
278 373 55
303 441 64
116 850 35
28 885 62
706 707 23
538 626 43
269 793 45
488 611 42
467 977 74
18 993 15
593 619 41
80 630 51
484 560 28
86 330 21
401 595 20
30 825 18
396 605 53
147 314 26
299 390 3
292 768 20
522 552 67
495 951 25
444 771 50
53 607 33
222 388 71
491 717 38
367 737 49
392 964 58
797 985 5
118 825 18
775 975 46
334 651 57
570 798 64
590 617 47
743 762 43
446 935 41
265 512 53
533 978 58
136 373 73
410 500 45
34 940 43
272 419 56
400 722 26
381 698 45
420 424 17
538 592 17
368 750 25
200 391 64
85 665 29
6 302 65
410 904 27
129 309 21
458 581 39
301 328 47
118 818 28
560 723 57
132 536 28
547 990 49
264 623 51
966 974 62
339 344 29
132 647 17
9 910 39
700 893 51
342 425 19
244 619 56
448 675 70
980 982 53
458 640 43
223 633 50
237 405 23
651 661 35
234 636 99
8 480 54
104 730 37
603 683 31
177 275 27
96 717 21
183 862 49
277 578 70
514 802 32
109 257 48
770 844 44
649 984 55
355 920 46
157 683 40
623 890 49
633 939 16
104 679 48
304 628 6
25 510 67
77 276 62
391 470 33
274 396 45
275 888 43
569 722 23
153 991 43
266 931 46
334 871 18
213 328 55
279 635 56
195 197 40
356 703 55
687 692 42
656 975 58
82 113 29
516 629 57
764 993 43
397 859 72
193 313 52
368 443 55
134 827 65
102 602 26
402 573 33
38 130 36
756 969 53
438 763 23
132 967 51
20 96 14
169 256 24
315 991 62
91 567 54
654 950 41
2 368 62
320 788 21
318 972 46
99 675 51
115 706 47
884 983 41
3 418 65
242 673 64
749 790 14
515 925 37
349 835 33
79 230 50
95 784 50
124 836 56
51 450 62
174 742 33
246 571 17
65 147 40
274 446 13
338 877 52
833 841 69
49 109 41
98 268 50
411 761 64
388 600 29
86 794 34
146 811 34
119 159 61
293 999 51
593 916 62
327 477 16
121 509 23
88 961 60
291 661 35
512 693 53
11 465 28
176 840 53
319 833 75
616 797 56
144 646 30
622 857 65
117 162 51
549 788 38
365 394 60
413 430 55
134 226 49
499 833 61
29 575 58
178 700 47
616 986 49
544 732 63
352 422 52
582 776 23
35 47 45
449 670 54
382 986 69
627 922 44
385 974 56
491 866 53
88 870 12
669 697 13
390 518 64
528 589 45
274 935 28
258 865 40
153 512 43
513 848 34
44 229 56
793 963 52
100 721 28
774 910 13
11 566 42
126 687 50
48 815 57
337 740 22
268 682 64
4 640 62
408 745 40
310 709 48
67 609 43
269 853 34
96 501 60
231 782 58
157 364 62
409 918 52
432 810 47
801 879 61
582 900 48
168 498 42
191 454 89
218 454 49
215 403 29
42 607 44
318 393 44
213 561 65
23 143 61
705 712 28
309 360 25
14 900 46
225 269 53
353 546 34
381 561 29
388 661 81
107 113 63
658 762 46
5 680 33
949 998 45
434 655 35
78 348 36
105 823 60
21 909 37
125 143 36
357 899 42
90 251 34
336 777 27
186 519 34
70 407 44
146 749 29
43 420 53
19 483 6
368 530 24
217 683 66
309 929 50
279 592 36
260 769 45
713 878 40
449 638 23
596 740 37
446 559 35
109 353 28
515 799 87
606 981 25
614 899 67
774 904 35
294 361 35
357 450 57
503 882 57
435 975 56
186 483 43
44 778 47
57 983 50
61 127 63
38 157 61
266 696 47
600 816 70
163 940 57
105 331 58
644 977 48
95 880 81
470 973 64
1 593 4
636 867 99
908 937 15
883 889 8
51 760 22
155 476 24
688 828 40
79 577 13
338 970 14
468 636 94
214 299 47
499 874 22
312 590 59
119 135 27
214 454 42
78 411 77
44 275 55
392 525 55
3 650 54
443 508 17
621 787 23
498 606 68
827 977 65
186 279 10
96 545 50
244 333 40
594 976 52
584 763 18
101 520 15
374 402 45
522 820 60
489 854 45
569 854 49
561 653 69
898 924 54
70 877 48
123 980 42
161 971 52
844 874 47
688 730 29
495 922 37
262 408 28
483 837 35
158 838 80
52 86 47
738 941 53
507 803 40
454 797 39
500 766 44
102 354 60
88 874 53
139 140 47
112 337 19
775 908 62
511 877 40
864 999 56
471 560 45
179 597 56
50 379 49
814 959 35
381 456 57
262 967 5
186 257 38
50 892 45
445 742 42
73 657 59
80 913 31
281 764 60
146 799 39
100 164 86
728 748 27
366 772 62
98 800 47
352 689 48
46 411 73
19 832 19
611 825 40
463 700 18
431 578 73
199 880 42
237 824 64
896 962 55
650 727 32
175 724 61
450 614 64
303 465 62
155 663 50
727 808 30
249 957 22
718 1000 69
31 324 102
59 353 32
477 722 31
672 829 51
345 353 66
27 213 37
681 756 61
490 757 60
33 687 63
685 723 54
494 960 64
57 188 5
286 492 57
261 449 41
310 736 32
74 778 76
200 203 45
429 570 66
317 392 43
157 664 60
354 960 40
158 624 72
257 546 46
68 779 52
451 628 42
624 864 70
14 636 83
114 716 24
144 448 56
480 874 35
249 480 59
38 283 42
278 733 55
872 880 46
107 117 63
138 799 85
311 493 59
6 150 66
358 866 36
641 773 49
18 129 48
336 404 40
772 999 62
213 998 54
659 948 60
672 803 37
63 82 61
723 757 52
520 926 8
88 427 62
327 715 9
195 825 42
506 666 38
129 360 34
79 326 57
461 518 28
699 816 57
391 807 64
30 118 11
582 636 87
202 590 19
588 977 53
33 942 45
415 979 55
108 286 36
732 986 80
704 807 37
553 855 26
304 346 42
524 930 17
407 728 29
804 825 32
720 789 33
8 887 32
316 424 64
596 651 64
40 944 33
141 469 35
394 863 60
413 428 52
246 831 37
165 254 52
150 919 49
231 857 47
75 913 23
243 821 48
585 656 77
364 481 47
223 401 17
567 881 50
212 951 62
315 445 52
180 644 71
190 451 10
376 757 54
250 512 53
569 669 16
599 723 62
277 726 29
60 609 50
295 511 61
255 531 61
416 633 54
477 571 51
414 652 12
61 317 30
112 268 40
489 535 52
523 908 17
69 92 23
505 999 51
6 328 43
907 971 20
250 265 14
331 726 53
117 739 64
162 656 33
433 751 35
237 536 41
424 665 66
27 175 68
430 700 45
342 479 59
153 250 38
140 344 15
438 705 35
444 627 13
77 689 22
37 54 10
145 280 25
245 523 17
670 792 67
692 944 22
305 727 45
187 846 58
532 810 50
537 576 20
188 290 66
30 611 56
220 807 52
534 800 33
360 993 7
160 456 64
83 243 31
207 779 39
595 674 49
262 536 26
243 269 58
360 764 39
110 858 58
71 91 36
445 524 63
19 626 37
701 752 53
279 832 37
615 696 47
159 406 71
880 903 83
228 642 72
312 710 60
93 98 47
457 685 56
47 224 50
703 768 31
216 546 9
580 787 20
69 481 62
9 904 13
146 706 68
307 633 60
320 994 51
55 675 33
468 814 49
371 921 50
132 266 50
368 992 50
429 567 63
190 755 45
322 617 37
67 967 21
619 954 57
60 405 59
639 948 14
171 531 16
554 984 59
385 642 71
225 535 55
12 664 66
335 978 41
725 838 85
360 767 53
451 741 42
71 899 33
875 945 30
203 901 39
756 871 48
102 934 19
200 627 41
359 777 50
488 541 59
141 940 64
292 831 28
765 941 70
131 821 38
360 885 21
212 820 50
551 840 39
781 900 21
77 220 43
159 953 40
151 398 57
382 718 58
391 476 74
326 780 52
809 812 20
364 683 36
153 848 25
172 532 55
150 175 52
219 267 45
519 837 28
602 791 25
5 632 36
328 698 51
356 792 23
306 821 65
53 404 56
59 943 63
937 975 73
530 751 39
523 733 56
287 552 28
504 789 72
468 867 18
260 585 66
608 958 56
18 956 60
284 294 61
52 330 59
371 525 48
715 795 22
826 927 53
782 876 64
82 819 63
496 834 37
280 512 3
112 740 24
610 836 36
482 828 18
111 161 57
317 371 41
174 361 52
435 721 18
3 562 53
378 747 39
53 965 55
507 549 17
86 406 77
485 746 67
187 303 38
302 919 25
389 847 55
581 640 35
610 711 54
252 708 85
872 903 87
319 427 64
269 318 55
483 921 47
664 973 65
196 426 44
711 867 44
197 541 55
410 910 28
185 455 64
240 335 41
451 584 42
254 945 66
179 385 43
436 946 69
341 366 36
167 614 33
346 587 57
329 475 48
311 326 16
337 947 33
114 504 36
15 877 14
340 980 26
43 232 61
447 479 61
916 954 31
190 438 45
633 674 63
71 184 11
226 248 12
934 960 25
58 859 57
798 916 33
591 790 43
57 605 29
140 719 15
674 683 67
590 968 55
359 365 29
428 684 28
438 712 53
422 759 38
5 269 39
186 592 32
901 922 26
64 926 22
661 912 56
192 338 50
168 955 56
474 920 40
192 551 50
412 555 32
662 879 31
81 675 43
457 766 34
166 344 50
503 974 55
76 404 22
206 562 39
333 787 65
387 788 72
24 111 56
65 692 64
823 989 59
300 334 53
250 259 38
15 70 38
150 213 65
33 944 16
216 572 27
708 997 57
826 830 67
62 888 72
612 824 65
37 453 70
101 521 57
362 952 82
581 959 15
164 455 81
569 697 27
468 711 44
352 909 51
556 849 32
181 539 51
45 878 64
156 608 40
671 728 53
209 231 47
448 646 35
594 651 55
209 566 37
298 322 41
656 908 65
285 834 36
491 729 43
6 698 47
31 510 43
764 887 58
742 869 16
852 920 30
526 559 19
31 362 64
66 315 49
25 636 78
537 965 48
362 458 58
502 817 28
252 641 99
349 775 43
823 990 27
17 727 38
528 842 55
203 285 38
638 703 50
45 805 70
34 415 45
818 825 22
27 998 54
233 924 50
12 782 73
153 263 34
240 906 46
507 558 39
351 354 20
10 180 61
516 827 65
77 421 35
510 781 14
486 950 29
300 756 27
243 500 35
261 831 55
475 780 48
556 778 60
705 836 59
556 771 57
400 489 38
634 941 71
268 377 52
17 562 41
85 557 36
263 513 39
126 394 48
335 753 35
273 741 58
510 758 43
447 765 55
40 643 32
682 912 58
247 592 36
557 895 9
1 954 40
98 596 47
44 74 45
208 602 22
352 759 28
59 221 43
195 804 57
403 590 34
585 733 59
479 580 62
282 422 46
100 455 41
423 696 26
382 386 71
333 479 17
58 393 15
587 710 52
201 428 34
782 857 53
214 390 50
286 357 36
389 434 50
12 843 55
504 653 41
458 510 62
803 829 16
128 661 29
182 800 57
283 603 67
666 973 25
3 305 49
24 161 66
143 226 22
228 624 88
308 443 17
645 954 71
173 538 47
756 840 42
589 805 30
76 359 37
149 702 7
425 548 58
626 996 40
260 934 63
161 907 47
624 725 78
47 256 45
611 677 52
488 696 41
35 169 58
112 826 42
173 966 56
620 859 29
101 476 59
97 227 87
17 376 38
265 848 52
55 144 63
351 866 45
383 955 42
433 443 31
239 691 27
75 80 52
223 416 32
137 227 15
96 947 49
364 657 64
639 862 17
462 549 41
321 520 39
304 451 47
482 618 34
175 188 61
304 402 47
431 823 42
66 920 52
153 265 27
332 682 28
734 950 59
2 144 15
306 770 63
17 599 42
178 290 23
381 384 39
301 561 52
739 975 54
72 912 18
433 750 29
122 264 52
441 981 36
157 686 82
91 950 55
597 943 50
343 645 18
208 702 15
540 849 56
57 110 65
130 425 60
519 921 55
40 933 41
413 791 42
567 623 60
263 693 38
705 731 47
161 294 34
70 359 60
621 674 73
261 571 24
623 645 39
373 739 58
300 871 58
597 642 71
739 835 33
490 685 69
665 930 59
54 904 8
20 594 62
641 880 71
291 412 52
474 713 75
191 803 80
473 647 43
231 303 55
641 894 90
301 949 15
64 909 46
41 73 21
164 733 91
141 737 6
697 722 18
233 985 36
449 768 58
271 754 57
165 547 53
497 606 68
20 568 59
599 757 11
28 160 18
349 856 21
493 873 47
310 986 41
252 872 21
219 678 25
234 468 15
487 567 42
76 915 57
26 163 29
51 563 53
41 75 43
1 631 23
484 723 42
556 673 50
29 464 22
112 501 54
838 999 84
361 869 35
332 412 17
605 700 61
567 950 26
16 790 72
103 993 41
868 983 37
17 206 45
176 812 41
2 448 67
95 254 69
233 1000 47
352 802 37
414 682 60
162 185 52
1 619 39
381 553 51
11 846 12
137 631 28
431 710 48
366 999 8
341 754 43
14 510 60
89 289 43
245 585 28
941 954 67
891 978 31
175 331 70
85 895 33
301 919 57
403 617 18
247 777 47
434 847 54
422 639 43
185 733 74
589 878 26
405 745 52
841 900 68
339 495 33
413 934 38
116 137 30
113 819 42
91 267 29
571 995 49
293 503 17
662 873 27
621 683 69
248 977 54
154 335 53
592 837 26
31 900 30
510 841 56
60 408 53
510 582 61
255 630 60
530 962 54
847 931 53
235 789 52
76 336 42
64 987 21
570 634 59
501 717 40
291 596 49
131 306 29
181 978 34
440 493 32
145 702 45
574 601 52
369 634 24
21 220 37
296 815 58
149 960 45
79 313 32
482 679 20
236 798 37
540 822 17
768 831 40
20 976 60
187 465 40
84 960 53
102 791 16
197 488 48
291 927 17
595 633 15
136 185 74
54 504 54
78 353 56
370 736 49
185 656 58
307 676 71
612 696 47
374 573 56
369 624 86
631 954 53
273 451 57
176 194 47
420 991 72
696 897 12
279 483 35
772 964 21
160 774 60
898 1000 57
150 998 27
154 889 25
67 408 48
583 865 23
303 622 28
419 805 59
421 876 31
41 437 32
121 638 26
589 818 54
856 907 48
20 729 34
64 704 21
126 760 41
56 680 38
690 933 43
5 831 39
244 593 55
668 774 25
339 901 12
101 704 35
91 637 55
39 542 70
60 262 41
477 669 42
98 594 58
374 378 72
118 528 51
372 638 32
115 135 15
211 332 48
968 980 54
29 646 56
170 788 59
32 77 45
460 631 16
661 744 45
255 575 58
118 878 56
88 106 27
292 703 49
147 338 63
362 510 21
384 667 54
230 879 42
57 331 12
388 830 46
359 394 50
372 831 36
376 560 59
564 726 64
700 866 53
1 116 34
205 560 43
456 716 24
634 813 53
46 662 26
328 653 70
485 866 43
15 970 46
490 723 16
430 463 29
154 978 55
620 757 38
181 649 48
184 437 45
105 989 53
343 765 60
318 457 39
480 957 41
374 929 39
225 854 43
461 932 64
83 472 34
228 505 35
500 821 30
278 455 55
508 575 51
523 585 44
100 373 68
515 968 28
759 948 60
91 892 37
7 238 12
309 993 32
254 591 14
102 145 57
125 226 44
129 395 23
629 644 46
97 941 35
721 733 46
278 739 56
628 755 31
39 810 48
378 815 56
320 829 36
558 803 28
451 714 49
119 517 63
713 805 30
776 952 20
77 876 30
503 597 70
90 576 46
778 902 48
347 493 26
38 506 54
68 703 37
33 933 48
167 357 11
288 520 42
137 460 40
268 740 44
121 571 40
389 399 47
201 866 22
174 852 40
399 847 19
705 763 56
174 507 42
301 998 59
753 978 53
332 744 50
130 217 60
205 490 26
443 750 59
64 520 22
502 686 46
12 276 56
104 322 39
44 62 52
242 556 41
794 867 53
649 753 13
230 348 30
581 610 28
490 560 67
278 819 51
108 942 38
372 441 57
478 663 16
407 931 49
355 507 54
517 706 41
411 940 39
489 569 45
315 923 35
384 698 51
311 313 57
259 923 53
417 739 68
39 106 55
437 637 58
353 601 22
28 815 6
543 917 15
85 232 67
663 987 53
213 301 55
396 526 56
35 647 37
685 766 32
98 337 28
515 790 77
640 833 11
909 926 54
548 807 30
195 629 32
359 687 60
523 937 29
694 839 96
835 975 25
118 804 26
309 764 35
237 609 2
553 561 67
626 965 47
123 945 58
321 478 46
581 833 45
366 385 51
21 876 46
162 164 50
152 232 29
219 892 37
130 391 53
173 886 26
46 78 5
314 531 64
9 504 48
7 569 35
901 951 60
638 670 66
273 679 57
599 620 38
563 942 48
425 470 50
547 945 50
98 112 20
775 937 76
81 464 58
106 480 58
267 586 52
80 896 37
731 836 30
798 941 45
958 984 20
34 411 65
823 982 49
266 647 35
368 962 45
40 108 53
241 272 47
694 960 65
60 128 56
78 289 18
588 629 62
178 463 52
178 396 62
264 645 55
42 394 30
806 845 44
570 738 52
702 908 73
105 884 43
60 120 57
365 407 68
324 406 133
105 446 46
92 883 35
213 919 25
443 962 10
757 859 47
250 513 45
45 272 18
711 828 43
64 476 47
286 563 55
268 534 20
565 778 44
156 240 51
239 418 59
79 311 43
709 732 18
727 757 51
427 542 30
565 888 37
443 751 32
31 781 41
265 991 39
440 475 48
160 716 42
399 931 40
50 678 34
320 660 11
43 816 39
323 769 59
578 983 64
280 513 19
183 639 33
439 681 45
231 566 14
65 760 28
752 994 64
452 825 17
12 691 69
453 806 69
204 256 47
17 806 44
361 672 33
308 508 29
43 424 63
918 923 16
253 929 71
86 814 43
72 412 20
83 821 58
314 681 63
293 642 46
534 652 40
48 160 46
322 828 15
209 303 9
541 842 22
93 363 45
74 902 60
725 864 41
894 997 36
253 949 63
526 564 35
199 905 43
192 970 58
49 230 51
738 813 67
504 845 83
266 897 36
524 918 17
561 949 64
645 765 71
681 812 8
802 857 47
108 563 31
591 875 53
376 806 51
69 335 58
282 566 30
535 854 12
575 896 45
264 890 62
173 279 45
322 330 30
437 899 47
655 847 49
103 360 40
290 605 48
769 773 53
549 803 39
288 987 58
420 600 44
692 760 51
168 397 44
108 357 60
73 156 33
505 642 40
640 961 64
208 280 47
410 821 59
30 818 34
75 167 41
307 674 16
735 777 51
16 297 64
186 251 31
446 564 33
170 895 66
286 614 61
239 527 33
7 535 13
631 798 56
147 295 45
210 773 71
889 891 61
340 346 28
509 680 13
41 167 41
820 849 47
54 861 36
153 911 10
239 808 29
288 926 37
83 793 38
694 769 39
157 217 28
401 633 34
33 760 43
123 515 62
584 887 42
484 685 51
208 934 45
644 827 24
391 580 73
673 820 36
53 687 44
455 523 65
209 604 56
220 689 57
632 793 48
476 520 58
66 87 57
2 29 34
242 339 30
558 869 35
38 664 54
242 540 20
235 720 22
317 996 46
140 339 31
26 737 56
548 973 54
61 525 42
454 932 37
527 691 50
417 819 38
563 690 58
166 496 35
33 65 66
673 822 58
212 778 65
65 944 51
314 812 62
252 894 43
371 743 28
442 732 65
310 1000 64
276 857 66
211 334 61
174 315 50
224 728 23
128 871 8
747 885 18
527 808 59
130 621 62
131 957 72
573 587 27
538 576 37
60 67 48
413 684 43
761 940 50
151 494 19
25 324 81
487 796 30
376 685 58
15 551 53
106 833 53
132 262 49
320 466 13
769 839 58
583 593 65
730 836 18
611 629 59
8 306 64
324 781 133
52 711 56
521 926 42
227 865 8
758 776 79
472 766 37
746 816 28
201 485 53
335 608 54
94 239 40
481 603 53
330 482 41
133 786 56
19 592 45
129 374 63
714 763 38
30 516 30
350 573 52
529 964 64
196 963 46
305 757 27
464 530 49
14 952 35
196 995 35
358 568 48
82 417 41
807 973 45
100 435 11
717 800 42
504 904 60
304 587 33
89 879 10
705 844 23
557 745 47
735 737 60
127 371 50
270 367 17
718 924 31
270 411 60
206 808 24
219 890 48
218 932 14
727 889 60
657 817 49
668 821 38
850 865 27
643 933 20
108 450 22
125 415 41
519 592 49
210 323 37
599 955 48
445 920 51
164 185 28
117 721 47
507 869 6
724 949 35
545 816 33
533 889 35
308 750 48
328 667 51
85 420 52
11 857 45
362 841 35
91 678 20
68 207 52
589 713 22
335 481 28
541 695 44
105 935 38
626 837 42
401 817 6
736 986 39
269 489 42
675 855 48
273 312 23
8 874 51
30 804 17
391 548 40
114 456 3
267 654 54
747 993 33
546 966 44
13 256 27
294 648 38
805 818 71
26 367 28
98 534 38
143 415 23
221 546 45
561 698 42
108 892 59
98 826 38
106 870 16
427 870 50
214 518 17
372 449 19
802 860 26
297 707 39
152 315 55
66 742 41
811 968 47
51 944 48
587 628 37
58 620 38
33 658 34
277 990 46
384 561 12
434 629 51
386 736 41
46 353 56
123 146 59
222 424 41
348 873 37
106 427 38
678 881 43
194 508 48
66 524 60
224 877 51
99 646 66
750 962 50
304 755 35
299 648 35
114 453 57
3 883 63
290 893 24
415 467 55
321 704 46
729 976 44
428 866 15
287 922 27
82 544 55
136 162 28
437 633 36
327 795 18
628 710 37
596 744 53
498 768 52
304 982 54
273 613 57
708 784 54
311 577 55
22 986 53
110 188 60
59 572 40
189 612 38
238 427 45
387 829 83
284 349 62
59 546 24
453 789 40
14 324 92
677 804 17
246 372 48
646 675 36
393 620 52
112 729 38
585 839 80
140 166 37
489 632 39
487 738 27
97 583 65
441 792 67
378 395 26
745 895 54
196 246 44
1 460 15
728 936 51
822 901 50
63 390 44
179 505 39
189 536 39
183 514 29
225 793 26
202 482 47
350 402 51
169 671 1
848 911 34
246 261 21
124 468 55
255 750 27
94 664 46
285 901 36
718 985 30
438 844 46
392 762 13
11 622 57
140 922 46
470 807 32
491 568 41
205 806 64
9 484 31
25 952 28
8 705 30
285 627 39
360 929 63
38 217 52
385 946 26
826 912 41
237 408 7
346 980 53
245 455 58
548 663 57
194 443 38
212 556 60
317 762 44
23 248 39
394 658 47
135 517 38
482 794 30
705 714 36
534 740 36
145 208 31
557 752 65
93 534 39
390 558 60
802 862 32
127 317 58
127 974 62
120 895 69
287 901 23
479 719 60
221 436 79
285 444 52
547 989 31
287 339 27
487 623 62
511 551 60
20 699 44
265 911 22
906 984 25
127 483 67
758 841 47
730 959 48
247 538 39
513 693 33
332 751 59
421 782 39
444 552 40
296 374 68
909 987 31
28 716 44
486 725 55
510 776 43
114 861 41
555 744 58
710 741 32
368 751 42
274 726 33
116 631 21
793 972 51
602 934 35
172 542 34
578 587 53
4 14 72
619 765 54
359 863 37
652 800 61
257 601 38
83 318 46
109 221 49
650 883 38
20 816 66
464 646 39
414 698 65
344 495 12
57 726 63
216 353 31
22 370 94
412 596 60
880 894 20
84 199 71
51 690 36
19 525 48
581 730 48
12 506 69
369 487 76
945 989 26
321 987 24
325 795 24
109 635 52
313 329 41
308 962 16
50 899 38
95 165 47
390 648 32
375 615 55
796 916 59
422 857 37
32 101 34
661 927 27
115 297 59
354 428 59
428 430 26
137 583 37
330 814 45
4 52 43
107 736 59
439 690 58
477 995 22
53 626 38
158 634 37
28 296 52
37 504 45
82 932 45
803 852 39
220 666 13
177 229 79
186 538 37
358 934 50
604 792 49
179 341 52
431 980 56
171 439 52
352 639 55
288 849 49
190 402 53
875 982 59
183 422 66
118 611 57
133 551 46
300 551 50
493 801 34
102 260 67
236 738 60
502 633 59
886 914 33
180 655 20
199 997 54
598 619 30
308 896 51
96 98 49
4 31 67
665 701 61
216 943 60
297 706 20
81 646 54
164 656 70
484 490 47
407 671 35
573 741 30
92 978 49
607 863 60
543 693 62
210 769 62
432 715 44
625 902 32
12 94 59
543 816 24
204 336 50
430 866 13
465 782 56
421 689 13
507 660 36
343 623 56
872 905 42
34 248 39
369 941 72
241 419 62
514 759 61
200 444 29
510 900 15
301 384 44
215 953 33
450 563 10
79 493 39
639 759 62
418 691 34
637 645 47
13 204 28
61 762 18
75 958 53
629 804 57
259 971 23
238 249 13
270 761 56
630 896 57
17 757 37
515 706 36
11 231 29
436 943 67
459 494 54
550 563 28
250 907 58
13 389 50
210 585 92
40 126 51
268 414 41
313 801 40
549 660 21
139 285 55
142 794 41
631 850 35
832 921 67
13 671 42
233 386 63
464 675 16
612 842 39
254 903 85
154 650 48
802 876 53
379 645 27
503 999 58
627 771 43
336 965 42
694 773 58
400 697 43
900 952 53
553 646 40
519 626 51
199 694 58
6 301 25
527 859 43
40 692 44
543 848 42
131 225 61
239 599 61
450 942 45
479 834 62
38 973 63
9 54 7
140 495 27
919 998 31
588 851 51
218 718 48
242 287 33
29 81 54
73 984 57
116 460 20
132 473 49
647 936 37
229 902 28
134 644 46
574 886 33
70 671 67
238 854 31
720 855 43
517 968 36
250 911 31
214 218 63
543 746 7
712 730 58
178 430 57
596 826 17
528 611 42
716 815 43
18 747 21
86 867 22
545 917 38
408 536 47
469 576 55
514 860 47
74 275 21
293 946 21
746 848 39
649 657 30
80 992 34
83 766 36
483 525 48
27 350 59
376 599 63
71 379 53
192 198 45
376 490 12
469 777 58
283 506 65
467 979 20
27 253 18
116 496 53
363 700 56
498 604 67
78 79 56
457 500 38
541 752 56
647 897 54
540 771 38
329 493 39
609 745 39
214 672 57
121 680 20
693 991 33
587 982 44
80 255 23
775 835 47
689 860 53
596 976 44
635 882 64
616 898 38
86 618 44
197 452 54
732 736 71
109 601 15
237 262 23
276 846 45
20 717 34
107 544 12
223 364 59
445 466 48
203 719 50
370 986 45
623 637 26
456 667 25
211 555 53
298 828 26
324 776 99
281 360 66
353 572 55
180 977 60
539 958 58
94 808 56
141 367 45
298 679 24
536 936 52
181 240 36
124 330 42
781 952 54
10 804 62
28 667 64
394 687 13
822 849 53
344 834 47
332 912 47
459 564 32
554 649 59
240 608 14
472 685 41
739 819 37
517 590 37
624 838 9
199 252 23
533 883 33
69 154 20
68 292 47
320 549 17
349 907 66
309 378 36
172 722 35
99 235 57
556 822 21
731 770 47
228 838 84
870 961 56
767 887 47
6 561 43
483 592 49
119 925 44
188 605 25
13 915 28
372 981 47
275 625 58
195 615 39
212 242 63
74 888 23
297 968 18
438 714 21
180 851 44
441 606 15
471 972 36
280 911 36
232 693 57
36 89 22
451 763 46
316 600 40
26 914 30
335 603 79
656 733 24
20 491 29
221 635 51
152 923 54
232 420 56
643 944 27
458 833 47
459 547 67
34 143 58
76 777 17
497 792 17
207 472 48
180 629 65
274 526 17
57 868 27
185 435 73
674 787 72
206 691 61
515 613 52
429 725 38
92 335 38
291 912 29
291 334 52
177 888 65
694 905 58
584 705 45
287 540 48
442 1000 49
325 669 52
795 995 47
124 610 30
368 508 46
830 947 47
125 783 42
698 855 63
80 750 46
642 882 74
323 880 72
352 514 53
7 489 51
651 871 46
100 656 32
293 505 25
8 764 51
516 804 14
253 919 20
73 75 63
539 675 67
66 852 55
81 789 39
339 444 43
523 975 63
234 711 43
602 702 26
60 300 51
189 375 46
84 210 100
833 959 58
228 864 71
187 622 10
16 749 62
452 818 38
370 1000 24
323 839 47
103 764 17
497 703 55
620 685 66
113 373 58
249 854 24
92 889 34
41 984 53
882 946 50
746 917 20
326 440 43
371 964 47
537 914 45
31 952 30
262 745 45
327 810 51
707 811 53
251 576 50
87 474 39
215 617 20
255 896 19
8 767 52
298 688 46
263 856 58
341 503 31
347 662 46
132 936 37
861 904 41
403 618 42
387 462 51
85 222 32
82 218 37
529 658 55
447 631 41
392 921 65
156 906 45
422 862 35
432 795 56
875 990 36
84 151 17
740 976 11
168 703 54
37 910 44
172 249 54
56 196 32
898 985 17
424 930 59
355 672 63
229 820 57
127 743 67
482 590 57
21 689 45
686 787 47
4 758 24
183 948 46
341 946 38
718 932 37
416 502 36
522 849 20
240 481 57
552 901 50
155 807 52
454 985 43
6 724 64
764 767 21
450 933 40
745 824 33
18 764 56
179 228 58
183 802 49
171 933 56
239 305 45
595 939 29
422 948 34
251 626 31
370 442 68
449 509 38
188 578 70
193 780 78
255 913 52
30 452 14
242 771 18
454 924 46
4 510 56
41 899 51
743 964 28
391 425 18
23 226 42
73 554 8
199 784 58
36 347 51
318 472 27
598 645 50
241 713 29
79 193 48
84 494 35
356 670 50
538 914 40
550 760 49
452 629 49
257 279 46
12 421 71
599 808 58
153 543 65
110 724 59
382 732 80
5 196 24
255 958 50
274 564 43
107 417 26
156 649 44
198 786 56
4 900 52
725 738 75
85 930 53
650 889 33
643 692 48
823 875 30
322 688 43
608 906 34
222 665 54
318 383 52
171 690 14
747 956 40
180 847 35
107 382 45
579 588 30
193 347 50
417 544 15
480 712 64
460 954 54
603 686 72
198 300 31
540 673 45
92 650 62
209 465 55
197 842 54
423 615 38
22 736 85
37 410 42
34 270 44
258 631 19
62 74 59
230 289 12
586 743 54
251 886 27
207 955 46
433 530 45
167 892 48
346 431 46
233 382 56
264 567 53
413 960 42
366 864 50
32 64 39
449 831 23
126 643 45
267 881 22
570 813 36
251 832 33
176 198 61
478 506 42
150 949 30
233 986 62
39 532 15
263 512 46
220 478 21
864 964 73
174 558 50
654 964 56
462 788 45
361 742 48
63 218 26
528 805 71
434 644 46
270 940 21
780 882 79
263 280 46
597 780 61
344 901 37
9 205 59
346 710 9
23 761 27
461 672 47
145 149 49
544 709 79
169 931 27
798 954 49
190 628 51
677 825 16
453 653 55
130 603 71
246 638 43
75 357 41
6 384 40
383 472 50
122 379 57
562 806 53
977 979 61
158 369 16
388 651 47
91 122 39
242 495 43
250 693 41
340 968 59
481 753 47
147 760 65
359 965 54
11 928 54
615 847 50
778 888 57
792 981 35
271 838 53
577 873 41
502 676 70
140 901 35
693 911 18
740 830 54
370 386 45
131 668 72
76 148 62
613 980 33
832 996 45
105 277 22
324 900 130
50 637 31
655 735 60
466 788 18
155 520 35
722 810 51
153 746 61
206 527 61
510 952 62
223 817 19
20 917 73
361 829 32
302 384 49
301 302 47
78 577 44
126 692 16
346 982 39
219 637 39
295 970 19
120 405 24
606 670 12
467 761 43
455 937 52
495 901 44
137 865 22
228 946 50
409 907 37
144 553 66
229 778 62
351 358 25
728 877 29
144 682 72
36 873 29
66 445 4
410 774 40
423 931 59
320 869 37
307 686 52
13 777 59
309 395 18
758 781 57
11 276 49
89 662 34
133 338 52
516 677 30
223 502 10
385 505 47
171 913 62
611 615 37
627 719 46
40 529 58
638 768 37
133 756 53
317 525 16
88 640 32
833 961 53
468 794 47
638 680 45
468 618 50
34 979 66
568 699 17
364 401 62
395 929 52
244 258 38
106 319 71
106 961 63
70 365 32
20 947 58
481 649 58
359 404 55
380 721 53
577 662 34
473 748 47
305 859 35
503 505 42
206 757 43
631 765 52
117 835 63
405 408 17
372 509 56
469 915 51
184 892 37
216 635 47
285 988 40
289 879 38
277 331 46
123 790 53
237 316 63
258 988 53
490 845 77
388 405 72
231 622 29
305 808 46
17 490 36
249 432 54
514 862 20
209 282 57
127 385 66
616 1000 24
129 378 20
87 695 54
2 464 14
707 968 56
88 532 57
576 737 49
119 297 61
370 718 47
552 922 45
439 809 40
241 589 24
40 942 27
284 856 51
581 758 59
206 305 29
559 905 47
356 498 41
881 950 32
340 710 36
503 642 56
576 886 47
541 612 30
252 880 52
529 743 37
509 638 43
143 737 45
170 474 46
29 530 58
90 173 20
683 686 44
228 341 21
13 735 46
923 930 39
13 399 60
432 542 43
36 493 41
171 314 54
387 713 79
572 785 67
243 471 52
195 677 48
286 450 47
654 881 36
150 302 59
172 669 26
63 932 27
298 482 40
144 855 44
428 463 51
427 961 68
83 972 13
514 659 50
276 759 67
81 553 72
425 580 59
80 171 63
29 675 21
324 952 80
148 169 44
191 462 87
403 679 43
522 822 67
43 848 45
213 384 54
167 286 40
5 121 28
201 700 43
123 591 43
536 967 29
304 710 34
6 949 39
790 799 25
93 652 68
415 977 47
71 637 31
116 258 2
170 994 20
454 461 51
613 968 38
778 820 22
268 826 33
247 965 22
142 610 39
463 866 36
595 817 17
596 927 37
342 580 56
512 775 55
61 743 42
43 991 56
128 786 58
55 575 65
339 771 13
811 925 37
450 643 53
238 542 16
657 753 35
305 599 17
211 927 39
480 731 66
139 988 64
215 406 72
56 269 39
473 936 17
673 849 52
329 440 23
195 516 64
122 487 48
357 913 59
604 928 66
719 901 34
401 939 48
306 764 64
597 882 21
453 845 53
127 964 66
75 614 20
328 949 58
244 479 26
278 656 49
76 607 41
232 923 28
882 974 50
484 904 32
113 218 58
777 915 42
203 988 55
356 441 46
313 440 30
23 415 39
269 292 51
45 713 48
103 281 43
771 822 37
348 411 69
356 372 67
113 382 58
142 730 25
47 169 42
617 828 41
54 410 33
375 423 43
906 992 59
233 616 36
354 684 52
398 773 67
149 245 70
650 808 48
55 99 57
43 693 54
214 932 59
79 329 47
667 815 64
109 216 10
531 630 9
74 177 45
877 970 53
592 886 29
188 396 42
801 873 57
165 708 73
604 670 39
232 424 47
678 890 50
282 303 63
574 914 7
853 854 57
181 891 55
13 169 42
702 934 35
499 770 47
405 609 22
49 59 36
591 903 90
142 836 33
602 960 59
478 704 48
361 549 48
100 117 27
322 794 18
455 908 51
608 657 47
170 466 53
839 937 93
169 407 35
122 623 45
550 942 32
439 812 47
193 577 61
155 987 42
918 930 33
313 879 52
375 695 60
101 155 36
733 937 45
699 917 56
32 663 42
714 844 55
64 321 31
178 564 39
370 616 14
112 534 23
73 167 59
219 379 56
89 577 47
304 431 60
649 891 58
788 994 41
16 925 52
182 700 49
547 935 10
471 500 19
743 938 34
625 888 26
832 837 30
48 668 35
403 482 40
143 467 78
84 323 91
206 239 40
177 902 103
169 728 52
240 753 12
386 709 83
518 932 54
18 360 21
465 928 39
2 55 49
911 991 46
45 241 64
823 884 17
103 306 47
132 224 53
674 686 42
989 990 33
192 936 33
297 925 19
129 885 40
104 610 54
25 582 12
347 475 68
718 797 31
79 662 46
131 793 71
54 910 37
287 444 25
714 767 39
773 894 59
580 676 27
108 492 60
129 764 56
212 540 47
200 476 44
462 803 36
18 309 45
383 393 16
726 983 32
455 721 38
258 583 61
369 813 34
536 745 39
200 552 39
188 868 28
229 565 53
246 509 13
181 958 56
285 495 56
598 796 65
377 724 73
444 922 50
377 414 32
200 342 57
762 938 47
227 850 22
26 345 55
798 865 40
579 851 44
912 927 30
201 463 27
376 484 43
400 669 31
729 858 51
452 516 31
733 908 42
359 607 29
595 657 43
241 818 62
307 401 32
179 436 57
358 684 20
407 863 68
251 279 37
289 411 73
68 318 45
211 912 39
717 858 46
35 266 27
125 940 50
212 849 67
789 845 34
197 528 33
93 729 33
579 979 40
22 1000 71
237 967 25
271 624 49
191 518 63
155 521 64
254 749 44
90 186 29
165 945 56
169 399 53
225 489 45
156 984 27
859 955 20
24 739 41
372 606 44
136 164 62
223 307 17
172 810 35
204 735 22
115 159 43
283 683 71
64 288 56
221 943 28
759 876 28
32 909 17
100 733 43
290 396 64
27 929 58
120 609 8
101 987 7
808 883 60
535 542 34
384 949 54
402 451 46
249 569 50
563 933 31
509 571 18
572 966 23
374 755 56
474 994 27
122 567 18
476 807 50
168 207 56
712 887 30
130 157 52
328 381 36
466 507 40
132 189 32
43 153 61
913 992 60
88 581 61
775 856 48
165 990 67
198 295 43
394 692 44
14 31 19
1 227 44
428 568 25
78 345 66
281 821 60
188 893 45
61 529 32
519 832 32
253 296 23
64 155 24
400 477 37
457 793 43
88 833 29
356 604 27
93 96 54
381 448 62
257 574 29
457 779 37
869 920 31
251 519 50
124 730 39
355 549 43
9 668 55
96 491 32
322 679 29
526 726 49
884 990 22
366 754 22
145 602 37
63 518 41
817 939 44
45 818 64
274 459 38
86 468 14
745 752 59
136 721 35
820 902 35
383 685 56
684 699 54
163 270 38
913 958 47
563 614 64
98 976 7
658 687 37
398 894 64
21 321 32
351 428 44
614 913 33
291 744 11
55 539 36
494 769 69
264 796 12
197 818 38
658 944 43
310 386 44
720 845 65
586 654 47
702 791 30
111 349 65
175 998 34
355 462 6
605 868 44
345 411 34
566 622 17
314 760 51
208 512 46
525 762 58
537 886 48
712 844 8
436 503 76
152 222 57
230 662 12
35 931 43
460 583 64
432 697 14
90 592 37
319 870 69
363 463 59
555 751 45
73 633 41
333 627 61
97 738 86
166 719 33
138 515 47
351 791 58
146 790 36
183 860 49
59 966 63
45 589 41
65 643 49
182 501 28
795 810 51
871 927 60
30 677 6
205 484 29
288 476 59
758 959 56
476 926 52
66 930 52
880 997 55
535 569 46
784 872 23
45 695 36
52 468 46
255 433 53
377 534 48
701 895 65
162 380 43
355 829 31
88 499 36
15 407 35
872 997 18
170 701 3
364 674 56
164 380 13
107 709 72
512 513 21
187 282 32
161 409 50
520 521 43
586 881 51
419 713 35
160 815 13
166 479 60
594 947 51
700 858 61
121 768 51
141 248 53
500 972 35
278 721 47
815 956 21
2 646 35
473 877 46
491 545 45
202 273 59
235 698 66
143 248 23
211 744 15
159 215 34
244 447 37
227 631 22
439 630 48
72 927 41
49 78 40
218 299 61
186 886 24
504 716 56
431 587 45
933 944 46
124 867 44
244 988 24
19 996 50
466 994 39
373 544 29
42 61 63
270 737 48
140 951 51
653 716 29
656 721 24
302 724 70
278 435 29
316 405 40
763 887 55
168 792 51
338 551 8
218 924 18
814 867 35
110 700 49
426 793 53
921 974 68
762 942 51
141 270 43
436 597 21
41 939 52
57 396 42
3 691 33
88 319 76
292 680 50
39 319 23
209 441 69
267 286 49
433 575 38
297 613 55
58 779 49
323 894 88
31 636 101
479 787 70
252 773 53
454 898 56
290 463 41
526 547 49
330 406 91
64 663 41
736 1000 48
406 636 64
98 740 12
42 687 19
590 953 31
178 446 64
422 802 19
553 698 40
108 550 43
97 798 46
151 260 31
128 651 39
147 970 55
323 773 40
311 347 49
2 675 27
486 890 42
254 790 31
613 710 46
296 350 75
32 666 47
174 524 56
73 437 21
489 853 40
111 250 48
4 362 59
189 696 47
47 847 43
596 912 32
181 753 46
203 287 43
519 974 62
460 850 47
347 801 57
96 699 53
529 942 40
590 679 47
156 753 56
251 592 4
216 221 54
423 541 58
522 673 71
471 821 40
666 807 43
128 969 51
552 556 36
160 747 44
183 659 48
285 339 42
254 875 64
96 976 51
710 982 40
494 694 31
102 413 55
134 434 35
498 703 21
354 791 48
311 475 21
217 691 70
334 969 53
511 863 45
223 595 35
161 558 65
150 301 44
567 890 22
182 201 61
440 801 65
400 995 20
251 837 26
224 936 45
259 907 24
689 782 51
393 472 50
361 390 60
430 485 54
786 812 55
23 979 34
499 957 66
163 469 50
152 420 33
221 597 66
271 864 22
29 539 47
212 673 17
138 875 45
405 967 44
967 969 49
344 922 38
170 752 51
112 976 26
486 634 50
269 963 20
240 649 14
117 136 44
435 656 28
156 554 33
506 664 51
591 989 53
881 890 38
546 943 54
62 229 89
477 697 45
112 717 44
232 918 40
217 664 33
109 966 50
302 949 43
12 527 63
918 991 47
687 996 46
641 694 97
389 851 57
50 91 29
135 159 41
294 409 56
434 851 24
572 601 37
334 786 38
497 981 47
319 810 62
322 618 38
42 658 42
44 521 65
307 416 23
464 539 66
676 686 27
337 826 27
99 789 39
25 31 25
104 688 9
393 779 37
126 944 21
120 824 58
742 829 41
635 785 64
256 399 39
257 635 54
506 973 14
94 217 60
219 623 46
250 856 57
375 541 17
392 529 20
492 950 55
415 761 52
419 589 54
730 814 51
501 858 15
759 782 63
923 991 31
158 429 38
579 644 39
153 280 41
231 928 26
215 234 50
185 210 75
369 738 53
224 748 49
188 331 16
554 633 35
421 759 45
528 713 65
508 962 14
499 712 61
84 694 14
584 844 58
23 34 32
133 192 48
365 511 53
352 876 24
112 414 72
445 665 59
515 980 50
331 396 35
99 464 66
884 989 54
398 997 49
329 577 59
295 300 61
542 569 45
101 909 36
505 624 88
193 475 32
130 676 58
598 954 39
81 845 54
573 628 24
228 366 22
236 583 70
178 351 58
712 836 41
453 861 58
327 669 34
481 533 41
557 824 24
196 509 31
383 620 39
33 126 31
533 891 32
172 569 32
29 55 15
84 769 39
200 287 44
137 850 8
853 963 35
61 938 58
327 995 32
371 762 33
85 824 59
709 986 81
399 655 46
304 573 24
158 271 70
395 767 53
54 560 38
771 951 40
521 849 60
138 811 60
904 910 30
454 518 28
115 517 52
37 861 30
67 237 43
380 455 81
784 905 57
33 692 24
634 725 44
679 828 18
343 796 53
586 942 50
491 699 30
149 413 65
699 866 45
219 899 36
512 702 60
15 365 70
406 867 82
128 927 56
42 317 46
52 867 29
66 170 49
446 547 49
261 372 54
649 906 51
364 603 33
24 349 25
829 852 26
17 305 53
337 800 42
314 690 53
474 660 38
179 642 34
120 237 6
536 647 45
121 196 29
587 741 40
342 621 65
85 152 42
734 743 52
118 516 39
120 408 9
389 735 47
826 947 39
84 398 71
539 992 44
46 345 62
199 872 36
227 593 42
140 285 31
203 425 62
486 487 43
145 513 28
434 977 42
178 893 33
533 650 66
454 718 48
240 891 48
385 999 44
100 278 19
245 908 10
56 963 41
165 903 76
106 532 42
371 529 39
147 809 60
422 860 41
190 584 33
133 969 37
310 442 36
438 451 54
680 995 43
688 711 38
890 950 31
8 712 36
352 659 94
610 814 38
115 953 69
125 761 54
582 952 18
363 501 21
231 846 38
77 759 57
655 851 45
588 644 19
347 873 41
435 455 40
139 850 57
469 737 29
665 895 14
166 988 49
230 577 38
278 975 39
528 818 24
130 548 62
527 955 62
580 621 18
163 367 30
594 600 55
115 707 26
27 374 58
100 136 46
397 955 72
203 627 20
135 968 61
857 876 55
18 48 52
300 786 30
517 953 39
545 568 44
100 835 60
373 732 71
396 564 52
218 390 62
108 586 49
610 688 46
938 942 47
76 365 61
24 775 67
592 832 30
713 818 75
703 981 51
62 275 48
627 901 22
6 414 64
337 414 61
199 708 91
349 739 41
408 824 64
124 814 13
669 810 48
335 891 15
422 659 93
926 987 23
97 570 39
331 868 19
852 869 2
121 292 34
357 892 50
231 282 38
563 643 45
36 801 33
246 680 26
227 496 56
7 957 36
267 890 46
375 612 33
719 834 30
162 278 54
616 985 52
136 435 38
107 373 24
234 867 32
98 830 54
653 667 22
68 498 50
124 711 32
293 754 70
280 775 57
50 71 10
392 938 44
552 849 61
442 709 62
377 501 64
306 993 71
48 910 34
291 332 60
691 808 40
119 707 22
608 649 18
447 460 26
286 678 42
194 786 61
213 949 52
308 630 57
121 261 50
69 889 13
466 920 15
192 748 34
593 865 44
91 881 39
407 511 53
623 796 50
892 899 27
232 524 35
265 923 53
23 579 65
441 604 25
46 49 40
232 315 46
401 674 31
610 640 60
3 808 8
91 492 55
179 946 20
758 900 45
297 517 30
278 835 46
252 905 27
128 756 55
160 378 60
29 144 48
339 951 49
498 638 68
765 954 4
851 977 18
433 962 22
568 866 33
251 538 14
234 330 31
409 971 21
49 216 46
5 963 37
41 554 28
549 852 20
876 909 58
35 671 58
805 878 24
325 477 46
17 205 53
271 772 74
200 425 63
26 576 40
378 956 61
337 377 62
669 995 41
875 989 54
550 643 28
77 478 50
377 652 33
433 508 30
320 742 39
356 606 40
51 531 64
362 776 63
303 566 45
320 355 44
562 845 86
685 779 52
36 313 41
419 994 65
172 697 19
143 469 53
122 950 35
480 770 31
146 515 49
406 468 68
574 576 37
173 216 40
212 902 73
117 373 42
98 717 47
625 820 63
44 888 39
492 586 26
56 632 37
366 838 77
120 262 27
18 395 28
151 960 57
702 937 75
494 905 42
562 808 45
97 916 60
610 959 27
529 938 31
259 856 52
654 734 24
104 828 34
728 931 51
33 40 21
714 887 33
198 473 55
122 890 10
392 658 58
230 873 38
290 430 57
14 776 34
529 586 50
522 565 62
