1000 5718
602 881 43
115 781 34
218 455 72
214 663 53
317 818 41
24 222 28
248 457 45
48 525 8
276 517 23
300 386 34
751 800 48
684 916 62
321 964 36
46 549 44
251 742 7
429 861 61
170 584 29
343 675 49
513 746 12
186 212 22
406 999 29
34 576 51
462 573 24
649 961 44
39 456 8
157 475 64
266 811 62
423 903 38
439 493 62
85 112 27
476 943 67
379 804 12
457 531 38
313 920 50
107 346 55
88 363 75
376 748 31
839 884 55
209 214 19
552 782 47
478 821 54
48 569 40
156 185 34
705 869 38
361 564 6
194 877 34
44 578 40
198 525 45
70 72 23
710 722 13
538 780 83
671 880 39
582 856 17
52 123 45
280 449 61
854 914 44
521 976 22
560 838 59
113 554 59
122 168 67
223 649 60
602 785 27
695 797 40
423 808 32
121 842 48
356 846 39
623 861 47
596 877 68
151 472 41
348 895 62
208 686 36
429 603 67
2 667 34
366 517 36
857 886 49
489 948 54
18 358 42
200 400 46
112 661 63
186 398 25
234 938 48
104 295 16
34 691 80
20 607 20
142 466 17
33 748 31
260 435 36
22 97 33
516 999 43
285 495 53
83 96 44
105 810 55
42 469 57
92 120 10
263 996 17
533 764 65
330 877 58
146 797 34
431 896 43
264 747 40
615 990 62
274 613 71
470 671 31
556 581 63
199 833 35
404 541 13
424 786 17
375 511 62
257 259 68
348 401 51
134 554 42
119 817 63
223 469 50
455 665 65
214 646 22
310 400 30
554 760 54
129 953 35
80 177 27
273 851 46
267 383 43
766 896 58
250 832 14
312 948 48
8 507 39
140 918 5
241 514 38
297 712 58
775 822 72
122 460 65
96 857 31
1 557 52
125 187 52
515 975 44
71 124 19
298 644 48
393 710 62
266 881 40
119 214 25
599 752 8
182 405 58
455 680 76
677 958 25
406 983 61
150 857 55
839 843 81
594 859 54
652 876 54
729 889 60
115 927 33
237 255 41
422 630 67
578 750 55
316 822 68
236 630 42
454 847 20
73 372 74
444 673 58
333 778 38
675 754 43
164 477 51
27 484 55
838 894 79
434 638 30
48 363 56
324 837 22
87 200 63
148 682 43
530 775 72
686 750 52
9 285 46
231 233 33
26 716 37
738 899 44
526 879 57
828 870 34
79 617 45
437 941 69
163 586 27
663 810 20
707 919 44
214 996 56
110 358 38
29 317 33
110 677 20
362 855 50
551 732 33
42 350 53
42 394 59
291 519 90
491 685 46
372 693 12
71 588 61
341 772 24
1 271 47
245 529 60
413 427 40
443 939 55
914 969 19
100 489 19
95 130 64
335 916 76
96 776 64
40 386 39
243 402 48
242 384 31
671 985 81
366 958 65
632 707 47
216 643 63
510 905 32
111 243 14
20 288 38
806 850 56
401 522 43
762 995 70
24 832 42
54 318 14
388 792 40
509 789 38
865 946 29
184 714 61
87 173 26
28 706 52
562 711 48
697 906 6
405 573 43
361 642 62
167 494 58
720 801 43
111 851 31
439 482 22
293 474 20
355 772 31
38 983 61
97 888 55
166 488 51
431 784 17
324 458 68
453 640 65
1 746 19
326 891 28
412 972 47
575 796 56
404 913 63
282 757 45
26 68 43
21 617 27
492 993 46
768 798 59
312 593 22
98 446 44
435 494 40
152 310 46
367 965 53
664 692 23
34 430 41
500 559 50
974 994 37
7 369 71
231 362 10
528 531 2
237 310 45
432 577 54
614 896 39
346 387 48
626 761 61
306 876 38
197 584 46
554 927 59
550 738 14
322 927 36
327 471 14
89 393 25
248 919 25
197 436 67
278 299 70
221 225 55
587 882 36
483 633 59
249 320 54
66 299 48
507 740 40
745 931 30
353 773 26
69 310 30
255 575 36
205 847 65
383 762 60
134 452 20
608 974 37
749 775 33
341 367 30
81 848 37
101 224 32
359 424 15
44 870 27
73 963 34
163 921 48
682 925 45
191 974 50
204 260 49
630 907 69
204 480 52
98 232 47
106 464 39
410 428 36
26 957 29
60 774 5
252 509 44
140 944 47
275 957 28
249 878 65
447 913 58
129 664 42
863 925 55
21 782 39
172 734 13
349 459 59
207 297 53
888 903 63
143 339 55
541 743 17
43 469 79
385 542 40
187 261 78
546 561 35
41 769 54
421 828 34
303 752 37
90 922 56
457 658 41
360 804 27
122 566 49
243 308 50
31 695 34
141 644 37
445 749 60
117 551 52
179 297 75
38 787 56
324 623 69
302 725 24
233 550 37
434 692 13
288 607 57
224 268 21
128 155 43
477 506 58
45 111 8
682 915 83
330 553 29
35 783 90
11 629 45
265 819 42
414 961 58
35 572 28
479 849 21
494 961 62
537 752 43
873 903 46
399 762 48
81 159 29
65 498 17
448 990 45
66 256 43
174 482 58
204 608 37
447 449 47
84 653 46
407 626 62
396 397 53
718 949 11
683 693 48
348 551 63
607 949 55
57 249 30
118 248 30
332 943 80
83 592 39
381 506 40
886 922 57
363 401 14
567 704 84
378 993 53
85 814 88
448 890 56
680 727 21
61 289 36
269 576 66
314 757 47
890 930 30
796 911 8
106 545 46
580 965 52
221 223 77
159 327 46
551 947 81
10 521 39
17 781 43
138 466 35
378 654 48
565 639 61
20 626 22
93 366 22
272 579 51
200 986 51
628 988 34
229 862 60
57 829 42
556 735 48
59 197 31
44 742 31
70 926 47
93 517 46
331 472 25
864 901 22
647 985 33
505 622 37
81 690 54
307 945 41
558 801 26
656 730 59
549 905 39
45 635 50
198 895 33
186 496 40
37 751 43
563 744 39
307 375 46
132 430 25
556 933 9
743 970 68
129 319 48
498 806 50
555 800 42
362 486 36
847 960 50
947 960 55
50 864 53
105 663 37
403 683 31
394 709 63
322 339 44
84 381 33
482 771 60
267 399 57
250 487 49
138 356 14
561 580 37
608 725 6
282 552 46
188 938 18
357 424 21
62 868 18
13 197 26
134 830 6
515 873 66
496 668 41
48 568 10
604 770 20
76 999 45
29 818 9
648 656 59
4 367 26
72 192 48
29 358 24
128 867 24
733 805 64
205 977 43
918 995 44
421 457 27
62 134 36
405 424 19
365 560 33
323 643 61
100 483 43
3 86 16
65 183 37
68 969 41
599 939 25
841 967 36
185 483 42
139 951 38
12 290 11
138 758 20
94 524 38
578 840 55
375 860 49
77 739 71
294 753 50
216 365 42
16 273 35
385 703 28
492 621 51
301 407 38
118 919 37
507 522 48
184 763 48
48 88 42
53 667 37
4 114 37
660 936 26
161 988 60
615 686 32
68 957 20
398 585 34
559 888 17
601 603 59
90 968 40
509 970 9
268 961 35
395 545 28
770 894 31
473 749 36
787 867 53
222 832 14
74 472 65
671 950 73
738 768 58
131 937 52
121 389 28
505 753 23
11 188 49
124 859 59
164 193 28
382 637 53
376 407 39
175 239 74
293 347 23
521 875 29
113 134 54
83 923 58
514 972 33
47 283 40
540 775 61
210 263 37
60 270 49
109 797 33
656 861 58
321 749 7
759 834 19
275 628 46
178 690 45
288 942 49
217 930 28
244 378 68
548 617 23
715 939 41
724 790 56
573 998 34
658 988 46
233 239 39
132 238 44
633 801 22
575 911 63
301 376 30
123 262 34
861 885 40
505 778 42
226 692 55
324 365 18
45 243 21
27 959 46
432 922 52
111 867 45
369 746 60
452 681 44
315 760 49
50 878 32
225 966 38
511 581 21
112 237 60
49 599 34
74 168 43
232 496 34
387 485 60
253 914 47
500 888 53
571 715 28
334 379 34
601 609 54
742 871 35
509 541 76
35 769 62
523 808 28
363 525 52
249 621 39
305 587 52
110 818 27
227 535 30
30 996 29
262 392 22
14 718 48
506 709 22
124 714 70
685 998 23
283 344 43
322 647 52
112 391 72
265 728 9
234 815 26
585 929 39
807 967 43
134 868 32
389 558 33
947 995 25
271 508 25
344 711 15
219 861 49
590 881 20
323 885 25
707 736 24
610 884 63
317 544 63
646 916 19
27 298 43
32 264 40
106 803 33
547 702 58
488 739 59
44 585 49
125 261 47
120 413 42
191 610 45
36 329 46
109 573 37
491 620 18
935 973 32
420 649 35
39 508 15
2 997 27
397 888 55
658 736 25
395 908 40
7 51 63
660 903 51
414 649 15
1 589 63
571 945 61
155 645 11
939 959 51
485 497 49
534 689 43
501 688 34
259 321 62
99 148 45
339 899 43
287 534 53
91 425 47
351 780 46
135 955 64
927 985 62
520 904 77
181 459 56
456 746 48
378 794 32
607 860 57
508 808 41
225 744 44
570 984 62
857 871 40
191 260 42
58 409 36
547 881 32
212 676 19
295 486 8
871 886 34
241 978 55
392 828 18
525 921 52
514 755 62
137 138 24
185 441 47
386 865 36
263 352 66
199 655 22
175 202 47
90 497 30
488 921 51
82 296 50
516 576 67
758 906 33
287 606 9
567 925 86
387 711 67
546 902 77
851 901 31
13 170 42
409 464 40
710 775 59
610 650 59
743 813 71
399 869 55
161 812 65
141 443 25
248 708 51
241 727 18
159 690 47
136 419 23
380 618 31
368 468 25
54 788 9
749 964 30
50 308 54
509 813 27
475 810 46
178 409 38
210 710 72
678 986 7
341 561 61
503 866 53
801 821 35
405 529 46
218 335 40
180 831 61
153 962 32
470 950 44
91 625 29
206 746 37
123 251 36
440 953 30
418 682 67
627 805 43
16 283 54
446 668 15
290 609 41
587 834 52
241 430 23
324 643 15
154 452 48
618 876 37
135 964 47
569 737 31
647 868 53
167 258 25
169 692 49
117 740 49
508 746 36
303 914 52
194 596 71
234 492 46
213 932 27
385 823 16
457 988 17
499 629 23
468 758 37
178 419 55
161 392 60
314 552 37
338 663 39
269 383 36
509 774 44
92 983 46
93 677 64
20 375 68
441 948 6
119 977 30
24 97 28
105 820 67
229 676 50
399 454 57
63 179 68
188 234 56
58 136 53
360 905 45
111 635 47
293 558 32
377 507 12
735 933 47
140 947 41
139 405 43
705 717 30
497 930 57
303 599 30
598 691 70
385 674 27
429 648 5
14 588 48
82 909 39
692 909 20
664 909 29
57 320 35
490 518 39
206 373 6
503 823 48
702 811 54
99 689 49
444 774 65
316 393 31
388 413 24
479 484 44
44 886 30
278 699 76
54 374 47
394 506 42
74 331 62
814 911 42
199 261 55
676 912 35
202 610 21
244 631 50
519 971 49
454 663 56
728 790 28
371 545 35
142 758 37
685 799 57
245 718 59
283 308 41
354 894 68
648 802 34
730 885 64
429 730 33
683 777 18
53 997 39
337 464 70
300 946 45
255 917 50
526 702 32
532 912 12
361 945 56
192 718 55
299 765 37
385 748 59
664 1000 35
8 835 50
127 780 9
756 910 33
58 304 26
18 677 70
334 523 29
59 693 40
178 327 50
495 711 62
628 736 42
705 947 63
552 878 62
736 988 52
118 628 11
468 620 37
116 202 51
17 692 58
849 854 42
139 359 33
73 777 63
212 489 37
623 837 48
273 283 26
292 689 72
39 271 36
715 735 52
12 174 56
499 794 37
754 937 20
438 790 32
27 919 44
211 795 9
623 643 74
281 303 58
256 637 29
767 972 49
548 778 24
811 879 87
195 673 16
187 297 35
160 955 38
373 746 34
502 989 71
129 1000 8
445 473 38
97 250 29
371 908 45
10 170 43
738 1000 49
126 488 37
13 59 55
679 856 62
74 956 48
465 507 67
177 772 51
392 531 12
42 225 55
278 409 69
600 715 35
143 985 38
158 773 23
440 843 63
174 648 31
18 706 49
603 902 87
116 839 58
717 960 49
615 857 39
134 836 29
327 690 13
58 464 57
394 791 57
374 503 10
6 32 40
104 756 21
306 618 4
199 821 46
713 884 39
119 916 50
38 111 59
174 730 46
618 956 19
692 738 44
406 900 45
609 819 4
296 785 46
133 482 39
461 951 21
325 680 68
280 747 47
395 704 38
349 494 5
202 884 45
863 975 16
19 969 32
115 985 77
123 912 26
325 598 12
955 964 51
67 714 36
804 824 26
320 331 60
659 874 53
595 924 58
63 605 44
108 353 56
468 846 31
180 337 39
552 635 22
185 261 39
562 587 56
20 942 60
151 652 35
166 876 49
374 459 50
221 649 44
120 983 39
361 933 19
754 979 72
157 817 41
396 907 3
231 827 13
423 543 39
319 370 57
616 937 72
235 596 21
383 978 56
35 42 74
228 651 32
257 502 48
471 773 55
230 726 55
487 986 28
732 835 11
33 511 43
613 764 41
62 830 40
146 461 27
180 382 37
89 332 76
479 959 33
5 382 80
527 778 30
248 632 29
633 842 53
42 223 64
48 328 83
8 639 30
335 502 54
32 447 31
216 648 52
58 589 50
60 444 70
762 810 43
268 725 26
381 394 47
597 840 60
185 489 13
300 951 28
558 950 21
592 750 57
84 506 72
774 970 36
324 656 52
452 830 22
439 601 63
223 414 56
94 634 39
301 340 56
416 917 21
83 577 19
473 964 20
389 720 35
369 513 57
764 873 69
415 776 51
211 384 51
432 750 32
56 356 33
277 637 57
766 965 63
825 945 33
295 362 38
433 718 53
279 870 27
316 943 45
815 829 49
323 560 30
20 751 36
486 738 42
104 853 22
123 698 31
321 955 50
172 287 41
137 651 52
65 806 60
323 861 35
216 656 23
870 886 45
785 881 52
266 590 35
16 901 52
264 595 58
575 814 68
226 440 38
797 998 39
181 748 42
572 971 27
727 920 41
193 971 38
157 165 49
25 887 53
435 574 28
713 839 54
71 942 17
102 237 35
194 723 61
266 547 55
52 392 17
33 588 76
364 946 10
382 419 36
129 239 20
316 611 69
677 818 27
264 541 77
310 917 35
300 364 44
656 726 39
210 822 62
848 984 32
670 990 64
697 968 36
854 959 28
126 166 25
653 709 47
444 745 64
535 793 39
179 605 52
328 525 87
403 582 14
310 451 73
295 853 24
450 673 49
495 858 62
75 475 73
191 574 60
210 530 24
638 909 25
281 825 67
697 758 37
564 945 57
271 746 33
910 985 75
103 968 54
708 980 43
765 831 43
432 592 36
221 414 32
113 526 49
358 449 66
461 620 31
526 811 32
322 910 66
493 724 20
11 203 40
579 606 58
169 440 48
513 557 29
182 598 63
616 979 45
578 929 41
196 606 20
456 660 27
204 224 29
611 943 42
621 631 30
279 897 53
511 748 70
513 841 30
396 986 56
355 367 45
850 969 53
60 970 35
569 952 81
229 833 25
213 562 47
250 396 49
262 597 57
119 475 39
675 795 41
195 970 17
99 172 60
840 922 24
103 356 51
788 793 45
354 754 90
768 827 42
124 407 51
957 969 30
518 863 56
916 977 36
484 537 58
620 846 41
240 889 45
171 173 50
720 950 16
266 526 77
212 441 49
535 768 37
551 639 44
896 965 42
29 958 39
215 229 46
260 994 41
320 721 34
13 521 35
164 476 51
103 697 47
95 518 62
779 826 73
62 760 40
418 624 51
199 668 33
505 527 24
752 939 20
117 507 19
95 613 6
633 950 59
278 337 78
268 480 52
10 976 38
322 760 56
460 774 55
90 840 37
337 371 55
4 127 50
670 723 30
195 444 67
163 952 53
418 661 67
165 822 35
225 291 79
554 836 50
356 758 33
262 870 29
379 905 25
169 583 44
369 984 44
206 967 41
197 510 24
451 544 33
124 763 21
677 928 63
17 115 14
510 982 36
5 699 3
136 278 51
205 475 56
146 246 25
46 963 75
754 770 19
241 883 40
280 924 19
483 489 35
47 495 54
802 987 62
356 697 12
37 259 36
760 985 50
565 995 26
760 927 45
540 594 36
926 989 55
426 784 38
132 755 48
909 962 60
186 948 23
238 920 55
919 957 50
145 751 62
311 600 8
133 343 20
476 709 62
11 378 71
36 149 29
613 704 47
71 340 48
108 766 12
776 997 9
546 780 80
838 937 83
152 422 58
176 465 43
271 841 17
668 833 4
440 463 62
642 933 43
603 641 74
6 509 64
49 752 27
146 386 31
222 543 14
136 159 62
544 928 44
341 390 51
54 793 53
360 670 75
256 278 49
8 944 26
147 758 48
346 872 49
183 368 52
371 395 29
126 652 41
254 374 29
383 576 65
323 771 65
350 769 70
475 898 44
247 968 21
35 291 80
15 155 37
846 906 39
457 528 36
400 451 46
663 977 36
774 789 58
32 280 45
295 899 34
198 569 34
139 300 11
700 983 37
97 559 40
97 992 43
705 960 48
243 901 39
669 670 56
687 897 19
114 784 47
599 849 48
757 983 45
514 883 40
665 989 53
110 928 43
308 864 38
630 678 30
198 568 51
918 947 40
198 737 8
396 678 50
392 988 42
525 737 37
907 986 54
976 982 13
980 988 58
4 207 60
405 926 51
20 37 66
445 761 16
29 928 52
792 999 43
128 314 46
352 530 50
658 707 41
691 972 59
100 212 44
523 804 12
566 721 45
81 304 13
481 803 57
782 878 65
39 523 50
590 702 54
624 661 33
629 729 41
48 921 53
78 247 36
204 258 42
99 624 48
267 430 62
70 253 33
212 312 32
650 994 34
129 169 18
338 454 56
132 241 3
169 953 45
650 974 55
107 453 48
284 985 31
19 854 45
534 734 65
180 278 55
70 417 33
214 475 60
844 998 46
717 947 35
67 625 38
25 926 27
139 386 36
871 929 34
160 964 38
332 822 29
237 539 54
90 890 22
31 666 69
80 819 60
25 417 42
221 420 66
31 598 56
219 726 85
312 585 37
188 249 60
660 873 33
554 845 31
228 468 49
257 800 72
552 867 55
543 832 27
173 582 32
374 788 53
557 667 56
528 828 20
358 595 56
222 903 21
969 973 37
925 975 66
133 795 23
180 277 58
185 655 26
38 412 73
480 610 71
193 476 74
427 740 56
324 861 57
935 945 49
11 326 46
122 320 45
535 839 53
635 867 33
628 980 45
117 944 35
190 474 44
16 144 64
25 573 56
484 707 29
584 982 10
64 859 31
485 759 44
172 661 71
328 363 71
640 981 49
6 970 72
206 557 24
308 858 49
239 440 64
102 606 68
216 771 58
101 725 45
168 460 32
189 381 30
427 619 8
665 800 64
557 997 65
504 651 27
263 684 50
564 571 7
681 830 64
147 697 11
146 300 21
102 112 31
69 986 57
169 909 44
89 722 65
378 729 19
221 469 51
98 593 26
69 678 62
350 467 28
223 625 67
3 389 51
292 490 13
294 413 50
334 807 36
380 952 61
434 909 25
293 720 34
631 891 44
752 854 44
837 885 57
858 934 11
153 692 56
145 184 61
163 618 33
304 848 25
594 749 47
631 938 11
224 480 39
585 871 27
10 804 29
57 472 73
523 905 24
93 276 23
913 924 61
143 647 36
169 226 13
741 757 29
357 529 43
109 462 14
773 923 74
17 927 41
37 288 55
438 724 47
421 988 36
96 667 67
486 756 21
221 336 19
9 901 35
442 460 63
916 920 43
23 392 29
688 931 33
123 593 24
162 940 46
394 769 45
87 171 34
199 489 37
336 420 64
298 484 20
60 688 34
291 783 41
874 879 29
248 809 60
105 646 41
655 668 37
126 586 52
450 774 54
223 563 49
207 426 71
100 261 33
535 674 54
144 308 51
209 977 23
286 287 57
314 700 38
475 847 70
116 843 24
436 779 49
167 725 21
125 489 71
377 627 59
501 815 57
156 655 28
658 991 31
208 577 41
311 735 48
196 816 76
526 881 54
698 886 40
58 178 45
502 665 59
470 880 63
261 655 39
338 762 53
556 564 18
314 635 43
226 953 42
251 698 11
716 849 14
270 501 60
143 927 24
267 978 17
36 766 55
268 420 16
770 937 26
620 758 40
281 973 35
33 407 36
60 789 61
167 268 37
658 880 68
493 790 57
139 865 36
8 551 31
285 852 36
490 682 34
575 579 47
133 439 27
137 906 16
85 575 20
674 788 51
204 268 48
799 812 52
49 939 31
335 680 66
37 473 48
36 896 33
325 412 59
478 633 50
244 499 47
216 837 51
142 846 37
318 788 13
25 694 42
195 931 38
75 820 22
229 591 67
175 583 57
194 872 43
636 662 44
59 679 16
785 962 34
26 919 46
158 329 56
482 954 59
734 911 59
328 569 57
233 362 40
505 739 45
366 928 28
126 739 56
600 939 59
19 850 21
93 451 54
445 751 52
429 802 38
15 700 28
283 851 45
511 600 73
236 487 73
700 999 51
435 459 34
28 777 54
325 940 66
619 893 34
797 865 38
164 653 27
303 939 51
314 741 23
372 777 36
323 837 34
298 849 41
363 737 41
433 949 62
143 322 23
396 679 49
60 450 58
914 935 51
67 563 49
420 608 47
983 999 39
365 643 30
48 520 59
762 869 42
3 411 41
100 441 45
46 436 40
435 866 34
249 501 53
421 528 27
242 438 68
265 351 61
250 888 58
195 509 24
336 414 20
654 779 43
51 371 54
87 403 47
176 739 44
578 698 55
380 921 53
52 262 34
300 573 39
56 491 27
373 513 33
479 644 46
484 849 59
712 728 36
296 638 32
204 612 51
424 695 10
138 697 22
66 831 31
167 349 57
434 463 44
693 856 45
779 889 67
106 984 39
500 630 65
315 836 21
7 613 14
735 793 49
8 377 27
771 885 56
545 908 13
192 989 33
17 322 54
257 335 66
213 882 56
102 255 57
507 639 56
127 355 18
565 717 11
535 788 51
443 642 66
365 885 60
109 359 22
669 686 55
377 522 49
161 980 9
696 881 52
413 757 41
444 460 35
502 666 58
179 199 63
596 807 54
642 735 21
144 901 32
182 666 52
186 676 38
537 599 45
38 691 53
486 827 37
200 451 16
471 690 26
370 962 22
275 806 51
612 650 56
527 753 6
932 981 54
209 475 43
42 744 65
530 684 52
291 428 57
486 910 48
526 874 40
212 496 19
131 894 57
289 490 69
906 968 41
104 827 43
565 947 31
311 642 51
39 873 46
157 209 72
155 314 33
487 630 38
617 753 34
86 474 36
345 691 77
94 388 46
147 906 16
279 578 26
305 640 22
825 949 67
78 90 56
260 349 27
38 45 52
32 924 59
22 888 31
79 619 57
63 185 58
557 686 47
189 309 65
87 986 49
295 756 18
393 941 14
766 784 34
128 787 44
385 503 34
347 558 53
621 891 43
456 508 15
230 603 77
660 808 16
303 959 23
197 549 13
538 546 16
81 409 29
597 828 58
97 832 16
277 545 49
26 27 6
561 765 58
478 591 55
189 477 12
570 997 28
163 876 51
107 759 54
294 548 11
179 185 62
214 916 25
527 617 39
561 772 74
398 676 44
7 130 49
251 593 43
102 310 61
495 934 54
77 740 56
603 802 40
685 844 39
75 822 70
430 755 63
254 674 33
191 480 55
1 533 9
192 433 4
252 813 56
132 920 38
178 471 55
236 661 70
150 669 49
224 974 54
31 359 33
679 907 52
67 612 75
208 776 66
729 794 16
360 824 38
506 791 62
33 942 61
144 283 51
403 777 17
41 477 72
709 791 67
448 497 47
208 857 31
60 815 37
840 890 39
213 499 52
120 893 51
328 522 81
81 471 64
892 955 37
889 924 26
8 117 22
512 634 30
381 476 69
312 398 15
116 239 64
540 943 75
37 761 24
838 861 81
50 243 46
142 468 31
541 913 55
56 758 23
450 460 31
45 851 28
183 799 26
573 694 53
436 875 69
326 878 51
139 844 34
307 718 65
346 759 44
276 544 41
399 705 54
12 902 71
404 447 77
248 275 47
556 642 48
98 398 46
224 302 13
434 664 36
6 404 17
18 747 47
529 666 65
283 402 21
150 592 46
338 701 62
830 868 33
557 570 61
85 416 30
257 555 71
842 950 26
132 978 58
756 855 28
71 714 69
534 606 49
48 737 34
497 890 39
408 779 36
248 707 40
181 385 27
22 873 46
805 944 38
588 942 46
193 506 12
260 866 51
51 567 78
89 611 38
125 483 42
632 988 37
672 971 42
826 877 46
628 658 53
312 912 36
124 340 30
529 989 34
392 870 43
550 827 34
3 121 40
332 393 58
576 883 13
826 872 52
417 694 49
69 236 56
184 859 69
167 204 17
40 162 55
182 502 67
361 556 16
231 855 59
796 814 39
534 624 52
19 281 42
480 974 16
496 731 32
540 941 71
575 816 56
588 800 60
432 857 32
150 750 42
242 795 36
433 529 55
193 519 85
657 728 62
256 831 55
152 539 35
24 992 48
39 808 27
536 580 16
572 672 23
467 625 32
3 493 46
187 207 36
374 713 48
465 662 44
30 684 38
57 688 67
26 275 27
346 834 31
79 282 47
111 901 44
147 356 19
647 927 56
673 789 21
52 531 10
242 954 42
810 898 4
164 506 20
446 833 13
204 961 20
596 723 24
525 895 53
39 967 33
520 568 50
356 495 60
576 900 33
216 861 36
24 423 25
79 700 48
518 567 29
190 293 30
225 410 63
476 611 46
84 164 63
342 622 45
221 783 111
9 858 34
241 755 50
485 877 67
248 988 38
850 935 22
290 648 61
367 772 15
442 652 50
256 337 44
173 403 23
62 554 51
258 725 12
654 963 55
416 422 39
688 815 25
21 342 54
284 760 53
326 621 62
405 786 22
209 820 65
637 699 69
81 419 52
74 618 67
289 682 41
136 409 18
295 855 25
205 898 20
200 539 65
359 386 36
117 639 38
480 725 27
320 442 51
551 918 59
89 316 37
149 353 50
171 986 49
262 698 38
451 517 16
274 975 41
455 666 80
83 585 68
733 900 62
639 944 4
413 893 12
14 607 18
241 920 38
126 618 12
220 696 39
123 742 30
393 611 62
79 413 33
607 718 59
875 982 21
696 785 23
203 499 20
3 293 53
197 679 46
649 966 23
504 812 48
102 416 17
61 534 33
510 549 17
161 919 58
666 755 45
44 698 20
132 576 54
41 563 73
669 990 30
313 755 32
658 919 55
348 507 27
787 999 41
91 350 65
276 317 37
493 681 65
318 793 53
220 702 45
53 373 51
180 299 67
116 129 69
380 488 30
243 864 18
227 768 41
40 786 33
206 271 25
213 794 55
312 441 53
215 446 43
92 757 25
323 623 17
61 172 57
347 389 21
53 615 55
75 209 72
390 580 53
162 412 41
553 596 34
235 448 39
508 841 19
687 840 32
556 600 2
28 856 43
397 487 60
187 411 71
723 990 67
346 640 57
357 926 48
607 626 41
86 657 51
119 820 58
59 372 39
403 856 17
562 932 40
14 20 34
455 502 27
55 562 27
698 742 12
101 966 47
112 575 32
297 790 69
377 551 57
507 835 69
209 646 37
803 908 15
75 817 25
328 737 50
379 523 23
290 802 33
4 341 55
145 309 47
214 263 65
171 630 68
60 813 48
629 993 25
64 340 35
113 874 45
639 918 43
234 829 46
449 595 10
230 902 38
185 212 38
849 957 49
269 705 51
199 215 22
485 723 57
274 888 46
411 790 39
423 804 42
795 894 76
219 648 26
252 743 16
747 924 31
490 863 62
224 961 23
105 157 74
158 353 30
116 583 52
379 982 38
440 1000 51
700 757 14
322 985 37
747 889 50
310 416 47
224 649 57
488 876 41
105 701 66
86 154 48
184 425 47
865 951 4
418 925 40
912 991 37
193 572 60
313 514 38
632 991 29
250 397 14
66 699 55
200 544 48
64 145 27
391 814 17
953 1000 41
488 952 49
468 812 61
1 841 32
174 219 29
454 810 40
390 536 65
33 71 69
809 880 38
565 960 57
313 345 57
235 670 22
510 976 27
430 972 52
30 352 64
717 805 57
147 387 60
290 902 77
28 317 49
231 793 43
323 458 18
281 935 4
180 256 7
194 834 50
125 297 57
2 776 31
860 949 16
525 952 39
519 791 38
152 451 30
824 905 29
196 286 67
774 813 47
333 753 17
377 944 43
474 720 50
39 936 27
176 636 71
509 673 35
141 537 55
319 664 50
170 824 49
43 336 94
168 444 32
86 724 28
186 731 9
191 202 27
328 895 61
100 186 41
174 290 56
247 930 47
710 822 27
96 432 48
227 866 54
112 287 47
154 343 66
365 837 10
54 254 39
759 872 22
702 881 35
449 706 54
458 643 72
103 247 52
206 841 33
123 585 48
406 512 70
411 438 56
222 888 60
313 680 22
256 382 33
21 79 35
120 406 58
92 388 50
273 852 39
761 859 53
795 954 37
774 931 28
584 976 14
220 811 85
201 264 63
12 641 58
279 929 19
10 982 30
248 736 19
189 653 42
363 465 59
557 746 36
518 682 73
384 657 62
676 731 30
523 660 43
87 907 44
307 581 64
581 945 43
260 612 28
459 703 45
141 642 80
150 615 21
19 914 14
95 515 45
149 773 24
446 496 30
406 516 30
616 675 51
284 647 48
486 550 32
438 728 53
397 992 36
34 516 47
625 714 66
12 603 21
26 959 45
391 816 10
179 426 62
225 469 16
358 958 50
80 351 31
484 644 60
415 746 54
11 492 21
255 416 53
555 751 52
13 46 49
946 951 26
129 843 78
27 716 38
456 808 32
136 304 35
308 901 38
171 396 11
123 421 19
239 738 50
361 939 51
48 401 65
40 405 46
253 850 41
410 672 69
23 870 25
305 981 66
348 732 55
134 879 66
265 712 31
640 872 61
132 883 43
918 944 45
112 579 45
8 732 48
288 340 70
244 993 16
373 967 46
77 904 64
127 772 15
271 807 58
285 344 16
760 781 43
71 407 33
222 423 52
89 476 72
248 658 33
137 890 54
245 989 28
627 944 56
298 809 43
487 678 21
711 934 37
429 726 63
618 904 61
546 641 81
182 529 15
49 537 33
593 676 36
605 784 45
188 492 31
627 636 61
183 998 29
82 339 34
323 730 66
30 646 29
195 745 32
581 825 33
161 228 59
75 119 65
87 678 47
458 885 23
215 821 28
26 479 39
323 838 50
751 761 37
303 716 29
387 495 56
806 914 24
206 686 55
27 707 55
137 758 32
349 435 44
304 409 24
112 816 68
642 793 61
713 866 28
22 397 42
878 891 27
310 539 11
129 839 65
236 624 47
503 713 41
54 674 46
617 782 57
548 622 51
371 464 73
44 262 31
345 576 55
168 652 65
382 464 64
109 786 29
294 342 20
524 944 56
722 775 54
579 816 30
277 419 64
191 994 40
639 835 76
368 491 43
775 955 63
834 981 31
295 827 38
156 232 26
8 348 43
36 108 52
118 980 39
412 598 48
102 575 42
684 892 55
240 963 46
170 330 55
153 434 55
451 539 62
395 481 22
359 462 35
428 519 34
362 550 28
394 477 57
498 812 37
429 771 50
130 613 61
231 295 47
172 911 71
170 596 66
175 798 74
665 887 70
240 449 67
512 524 30
149 431 58
134 154 67
854 969 48
300 998 49
201 447 52
692 899 44
556 715 35
275 849 51
225 336 39
269 399 38
34 767 73
514 576 52
77 401 70
603 648 63
475 663 29
426 605 35
80 609 60
729 779 77
672 769 77
127 351 53
452 868 51
69 400 27
703 823 42
421 912 25
614 766 46
343 954 52
245 887 48
273 285 51
99 196 53
153 370 15
383 898 65
86 411 54
274 418 59
139 573 35
160 749 57
67 425 42
322 853 59
234 993 52
36 773 13
131 754 33
404 789 76
462 797 27
675 954 50
249 782 57
154 681 22
604 616 44
863 915 87
806 854 41
216 429 47
55 882 47
445 555 29
163 904 53
341 780 33
229 446 22
56 137 45
231 738 43
53 208 45
65 70 62
272 796 47
696 962 36
78 968 52
137 968 31
573 797 25
183 812 41
209 996 57
139 998 52
203 729 44
330 521 60
31 357 35
284 322 7
203 629 42
195 450 57
834 872 35
817 996 37
457 912 38
615 669 48
309 611 76
91 612 65
219 656 67
294 617 27
289 292 66
420 961 37
88 737 35
113 879 30
377 662 37
174 802 46
486 899 29
784 896 39
88 952 81
203 932 56
172 579 67
227 793 64
194 330 65
607 751 53
31 109 40
821 833 54
808 905 43
813 931 54
72 253 53
853 910 27
377 835 62
41 425 64
95 704 42
303 973 48
514 727 47
390 546 31
592 857 12
322 781 33
524 733 51
201 358 48
938 993 58
9 344 35
334 804 32
40 109 39
487 907 31
426 431 31
907 992 22
503 542 27
24 873 52
743 913 56
693 777 31
373 557 18
230 802 53
611 941 50
215 483 35
730 771 22
246 946 13
521 877 54
222 397 14
375 607 52
177 207 71
448 669 66
65 799 21
85 255 39
110 958 14
240 779 36
412 691 23
714 763 50
158 896 30
53 150 38
87 487 50
216 726 59
838 885 44
46 679 49
672 791 38
415 984 47
46 372 50
440 583 22
887 989 46
15 282 24
390 772 53
2 96 34
138 620 43
74 166 57
86 389 53
850 854 52
866 884 21
22 274 71
659 675 33
47 273 17
102 917 37
844 865 13
524 805 20
641 902 15
254 503 38
223 336 58
374 385 25
292 925 35
574 674 51
357 405 4
380 956 45
3 724 27
473 555 43
461 491 40
508 936 35
390 641 81
229 496 45
19 253 41
36 605 55
587 759 59
368 846 47
63 100 51
835 944 73
403 693 31
566 753 51
276 366 17
759 981 40
663 847 63
464 545 48
210 996 47
618 652 42
409 984 57
671 809 67
11 993 39
210 817 58
290 429 65
882 981 50
60 460 59
233 827 45
26 298 48
112 606 46
717 995 22
135 775 22
425 763 74
532 742 39
238 269 72
423 523 37
44 279 15
112 796 62
121 347 14
339 927 44
646 684 55
133 675 63
77 636 36
536 561 53
524 639 53
75 996 58
233 793 60
293 389 3
430 727 38
169 239 35
6 913 47
464 984 57
343 979 60
277 908 43
51 518 60
625 744 57
363 895 10
872 877 56
454 960 43
67 184 79
743 789 71
22 832 40
773 896 37
58 106 58
384 482 24
827 855 47
317 358 56
31 424 27
218 684 16
639 947 81
158 766 45
311 715 42
124 301 33
264 449 49
376 714 47
349 994 54
162 666 48
586 952 34
632 919 53
667 997 14
423 936 57
579 814 54
572 769 59
207 265 58
820 996 70
159 923 66
349 563 73
176 952 70
232 833 16
99 289 46
463 692 32
522 895 47
311 556 8
252 970 52
160 555 30
574 798 47
722 943 71
288 800 59
622 636 57
556 571 20
205 701 51
121 154 65
585 698 32
217 228 51
131 616 22
328 401 83
3 154 63
609 987 77
437 594 69
606 734 40
267 733 64
466 620 22
798 839 26
17 82 27
305 453 48
608 994 32
281 417 45
314 782 38
384 795 55
282 314 12
463 638 51
765 965 75
341 536 40
14 375 55
432 669 59
753 778 25
220 845 34
317 958 36
231 768 30
397 543 27
565 805 55
398 441 40
548 893 47
357 359 36
239 843 79
166 618 14
414 469 54
284 927 40
49 141 50
538 902 62
230 429 79
276 451 34
647 760 21
176 488 59
762 960 36
55 308 61
321 594 50
568 569 45
673 774 40
272 814 37
454 898 38
562 882 25
94 740 53
447 541 64
597 897 47
336 966 22
691 940 16
9 711 49
438 601 44
41 394 45
127 561 67
151 444 63
205 663 27
873 936 21
52 118 40
242 439 24
167 612 64
277 803 58
219 802 57
360 584 40
285 882 48
373 841 34
402 934 41
43 221 87
130 515 39
193 709 17
671 821 77
651 758 43
549 976 38
410 469 52
135 316 60
56 906 37
368 812 38
80 355 37
200 517 18
633 821 15
685 812 60
892 996 59
779 963 13
182 245 60
264 280 15
18 201 17
323 365 38
360 553 43
604 954 68
687 890 48
111 864 27
853 855 27
627 639 55
163 488 19
59 510 47
647 781 52
36 158 11
586 618 54
355 561 53
243 867 56
619 740 60
494 650 51
746 841 20
221 966 40
744 966 51
320 753 55
302 961 20
113 681 61
817 822 61
400 986 61
731 948 32
258 480 16
238 345 56
98 912 22
107 587 40
453 729 69
845 927 47
64 189 61
79 427 60
409 848 26
124 376 62
750 922 47
519 769 72
742 886 47
83 208 48
141 855 73
363 522 47
265 609 45
388 619 33
390 538 38
205 383 52
215 668 30
598 940 55
526 616 65
433 887 17
245 502 66
172 534 60
91 714 54
130 533 44
510 875 23
427 636 42
84 189 11
408 654 25
220 785 51
406 634 55
415 667 47
569 895 65
614 784 53
144 864 15
201 677 76
46 693 41
226 1000 22
551 944 41
449 747 23
397 559 39
461 844 24
198 363 40
351 712 58
738 827 47
795 979 62
580 614 66
171 679 50
221 291 75
94 619 60
244 815 54
105 977 21
239 583 48
80 772 30
179 483 50
318 674 59
488 956 57
105 475 39
346 711 53
413 634 54
824 875 26
775 964 63
226 319 24
93 110 44
34 978 60
234 631 43
31 786 14
187 426 64
252 913 59
459 542 28
190 478 47
217 651 22
492 938 14
15 552 39
414 966 15
430 920 57
41 189 71
320 527 50
72 694 46
401 465 48
791 971 31
386 946 26
727 755 34
43 519 91
238 241 41
466 468 21
158 614 53
110 276 66
769 791 44
632 809 58
540 964 65
139 146 31
656 837 62
502 755 61
207 728 63
586 921 39
479 716 27
45 901 46
632 658 10
428 572 53
128 552 42
832 992 38
140 995 41
54 385 31
317 366 29
84 437 61
478 950 25
95 863 39
125 655 54
38 128 49
146 844 15
217 597 41
177 367 51
215 833 31
426 766 25
137 697 15
183 685 33
587 932 33
632 736 27
645 782 41
45 864 32
21 294 34
299 536 76
140 705 49
278 831 53
501 829 9
166 956 11
877 982 67
29 677 31
634 733 63
697 930 46
422 917 34
202 866 64
324 726 88
5 66 56
640 932 26
179 655 54
527 548 46
590 962 64
12 802 26
267 269 42
370 909 52
262 421 37
1 369 45
446 676 35
121 474 17
229 232 14
681 979 56
486 855 32
165 817 33
6 813 78
147 930 51
80 367 36
96 615 30
370 434 65
401 737 54
114 367 46
345 883 46
107 826 56
259 955 40
96 592 19
10 360 16
757 999 47
668 821 54
57 621 52
219 482 67
302 608 29
313 666 69
716 752 40
338 399 44
530 955 47
389 950 49
425 563 58
46 59 41
613 975 31
453 794 66
391 796 24
212 398 36
88 525 49
374 703 28
294 778 30
596 669 69
152 517 45
601 728 28
12 648 56
307 935 49
844 951 16
181 503 43
93 958 47
282 645 48
89 943 13
97 222 7
36 327 64
61 689 25
72 573 66
200 276 41
752 849 53
117 732 63
577 871 40
66 419 51
523 824 38
366 451 49
167 302 27
202 994 62
550 853 60
235 330 31
586 876 54
205 762 50
312 742 42
155 782 43
101 420 30
240 654 36
890 968 30
116 175 10
348 522 22
368 504 30
23 262 30
55 891 65
217 890 51
615 750 30
365 656 53
52 828 28
245 860 55
481 567 76
223 966 42
527 566 47
648 730 37
189 506 70
457 991 31
228 504 6
507 627 60
179 187 54
234 244 37
377 639 46
240 706 64
815 970 50
629 938 73
60 931 24
196 911 61
149 327 49
227 713 34
154 493 47
630 986 30
354 937 71
364 844 35
131 874 66
20 800 44
55 640 65
137 217 51
122 333 55
371 481 33
428 672 44
343 439 45
474 558 51
377 740 47
214 977 21
397 500 66
25 72 10
422 539 24
448 723 40
10 334 31
537 959 42
507 732 72
359 405 33
578 897 42
224 420 33
82 434 24
361 571 13
185 731 41
474 724 60
345 940 72
303 935 55
331 333 58
855 910 24
517 544 41
764 975 50
127 390 42
762 847 29
388 427 28
331 876 54
483 668 43
116 610 44
76 269 65
10 523 37
739 876 31
9 283 31
93 928 7
15 787 55
80 390 60
533 936 56
453 872 67
481 908 61
883 900 43
11 891 63
205 399 53
347 720 52
598 755 66
363 569 71
245 257 63
244 938 47
545 803 16
194 759 35
192 926 33
4 772 38
101 649 29
25 192 50
465 895 68
238 978 15
457 632 32
391 575 55
51 704 16
190 842 18
628 919 27
10 807 51
97 903 18
42 791 62
352 455 48
293 950 48
120 757 17
288 859 56
286 624 17
725 994 37
51 395 25
308 344 49
435 884 52
651 846 39
218 263 45
152 400 25
869 960 10
279 742 43
173 372 25
33 181 72
758 846 7
258 974 31
3 347 33
685 797 49
463 664 16
854 973 41
330 596 12
61 734 67
284 910 66
678 992 66
8 522 59
170 521 8
830 879 63
253 417 37
12 230 57
226 909 44
107 640 29
505 566 39
455 755 70
413 792 50
389 801 49
302 649 45
262 929 40
127 367 29
19 65 53
355 546 55
307 850 64
150 208 31
56 142 21
806 969 10
220 554 52
599 959 26
30 214 48
71 376 49
47 901 52
325 666 21
165 996 66
366 544 57
588 607 31
167 420 48
81 136 34
428 791 59
213 326 57
139 695 33
212 446 41
118 161 37
311 933 16
167 994 27
435 503 52
581 600 62
519 783 95
433 989 32
51 613 61
691 767 26
255 814 83
241 576 51
41 42 53
372 403 29
701 810 36
284 339 50
183 694 44
256 277 60
610 994 74
442 566 50
604 675 43
168 331 73
22 903 34
99 734 63
340 859 44
184 301 59
538 580 83
526 979 70
539 917 45
555 964 49
354 560 73
26 806 42
652 956 27
311 564 24
346 882 47
68 275 28
344 562 44
11 499 34
725 961 36
489 668 35
365 458 53
777 856 33
380 586 38
506 971 49
98 496 19
554 830 38
173 856 21
172 196 31
648 771 53
711 882 33
224 258 24
17 434 45
1 936 54
286 534 47
400 517 60
556 939 59
129 440 48
80 341 53
66 278 22
27 849 25
31 162 46
263 817 50
117 522 55
226 664 39
54 823 19
930 968 30
441 489 58
162 691 60
559 903 50
100 948 42
106 369 64
227 884 52
281 307 45
31 529 45
602 962 47
87 856 37
154 724 52
313 727 11
683 856 43
68 806 40
238 727 59
204 725 37
24 660 47
88 568 45
331 652 42
397 832 2
351 772 51
283 711 55
220 590 30
772 965 57
51 908 51
772 780 11
513 667 64
496 912 40
520 586 41
121 720 51
343 681 64
897 990 58
465 740 62
580 765 39
246 364 3
120 792 51
886 897 58
654 924 51
484 862 56
492 891 53
657 724 24
119 157 65
707 862 58
414 420 47
3 297 67
109 357 21
40 767 74
384 790 67
666 680 59
501 719 20
579 911 22
894 937 5
21 548 39
461 865 21
751 859 60
439 795 48
701 762 50
141 715 71
398 593 36
516 983 55
78 834 58
345 412 65
273 901 36
717 869 41
445 964 31
84 394 71
96 997 59
850 914 34
205 810 16
73 240 61
365 623 54
507 944 53
259 964 36
280 447 37
417 935 46
230 648 78
498 914 45
18 447 66
410 769 54
230 641 38
388 634 39
137 247 51
679 693 32
74 151 26
349 961 59
572 709 69
639 805 35
781 985 58
17 638 51
168 450 38
25 70 21
811 874 67
550 664 45
470 558 59
904 921 74
68 161 51
464 848 44
92 406 53
836 868 19
644 752 59
93 818 58
51 545 41
354 770 85
149 329 57
445 859 61
123 828 34
218 646 40
658 809 50
407 748 47
266 785 46
26 849 25
384 493 61
528 988 32
428 783 66
519 672 11
906 930 49
115 322 41
400 544 59
66 382 39
45 144 18
654 889 28
119 646 42
438 439 44
894 954 51
376 942 55
48 952 44
129 226 25
301 763 14
494 612 7
13 584 21
370 638 36
52 528 10
266 602 59
252 541 33
470 478 25
44 929 11
326 938 41
342 388 55
171 992 32
235 807 68
51 803 39
735 788 47
98 229 55
334 824 50
202 974 57
567 915 16
584 804 40
707 880 59
516 787 50
223 225 35
528 980 59
635 645 33
40 695 37
176 622 56
138 147 31
135 473 55
69 630 44
315 554 30
369 533 38
275 708 30
589 848 54
886 929 27
280 913 43
159 471 45
559 832 38
1 415 48
256 299 63
396 487 34
148 661 74
224 608 18
537 644 22
234 931 45
79 548 35
163 380 12
437 476 59
106 848 51
296 370 9
473 761 53
45 867 41
31 405 35
674 823 40
208 592 20
101 414 43
400 630 60
28 683 48
379 510 31
728 819 49
136 382 51
173 679 43
134 681 63
153 909 39
185 948 43
512 627 48
357 462 25
78 485 25
315 845 60
423 905 31
550 756 52
173 683 54
575 917 60
536 765 41
546 580 70
175 610 37
570 589 61
601 790 39
650 866 50
420 966 57
387 981 56
547 785 34
512 733 43
69 917 59
571 933 16
140 805 44
292 975 66
404 743 12
228 368 30
447 595 53
62 315 25
85 102 23
231 550 31
517 928 48
585 593 44
639 732 72
314 645 41
164 189 63
478 720 40
436 826 63
333 566 45
603 987 65
145 859 9
306 586 57
516 900 46
558 720 17
10 553 41
518 975 69
18 29 54
489 655 19
190 558 21
301 714 45
570 776 21
721 753 25
196 796 63
659 894 61
31 40 30
389 842 25
582 777 21
4 80 44
238 883 11
319 463 35
281 914 54
711 852 50
370 696 58
459 612 51
518 915 31
832 907 53
290 603 11
484 736 53
315 830 20
299 699 22
804 905 20
542 674 32
137 930 33
202 650 41
806 973 40
114 614 37
251 886 41
862 880 2
430 978 46
470 801 62
577 923 76
549 584 44
23 597 28
455 684 60
49 959 50
170 877 48
43 291 16
690 923 66
193 672 79
515 863 58
242 343 41
418 500 66
408 963 49
24 397 41
17 899 57
589 984 23
304 984 54
587 872 54
810 977 49
683 706 35
574 650 54
243 635 51
594 964 39
64 184 49
199 483 14
60 673 43
344 852 51
358 677 29
277 464 37
505 721 38
238 900 44
646 996 45
104 231 55
50 155 46
760 836 46
177 351 10
719 815 45
16 864 65
698 871 36
506 653 28
177 265 64
348 377 28
273 402 46
694 799 24
47 285 53
284 781 36
321 775 27
357 573 45
592 615 32
432 990 56
170 976 29
472 652 56
403 679 55
571 600 19
100 185 8
30 209 58
608 961 39
317 677 49
844 946 41
258 608 7
216 219 51
309 859 43
196 287 12
126 380 38
334 808 44
364 951 20
701 898 32
22 543 42
151 442 40
165 722 73
540 611 54
6 447 69
237 917 10
196 661 51
290 987 56
169 463 19
282 741 17
201 595 15
121 293 30
465 904 68
159 409 58
99 534 6
708 919 33
68 708 22
390 780 50
560 861 58
214 820 81
745 813 49
508 873 55
921 952 20
255 272 46
333 442 60
359 786 28
672 783 104
600 735 49
434 899 42
855 899 54
369 764 57
108 114 29
210 892 29
527 739 65
490 567 41
192 949 65
920 977 59
104 362 45
355 780 26
245 665 27
538 561 50
787 983 8
162 786 59
890 897 51
818 928 60
197 875 30
759 826 70
234 688 33
549 875 32
47 934 33
295 550 39
558 633 48
151 168 32
456 967 39
623 838 34
381 709 58
211 954 46
73 436 19
5 299 21
4 780 41
265 790 36
120 700 26
38 940 67
411 657 35
317 928 20
408 747 48
144 402 45
132 514 39
73 693 62
550 768 51
466 491 13
156 483 38
659 937 57
338 898 31
489 833 38
393 775 83
56 466 19
285 711 16
308 402 21
74 652 31
412 767 4
573 695 42
33 376 49
109 695 7
202 843 62
814 816 25
525 568 13
97 543 15
240 747 46
496 991 44
610 974 57
188 719 51
37 445 26
558 842 9
193 381 51
136 848 44
21 282 32
234 270 17
262 828 6
236 286 53
411 728 62
349 650 54
565 869 50
555 761 32
928 958 44
472 566 57
305 794 41
432 578 35
383 399 17
904 952 62
57 501 33
459 574 54
283 934 26
255 816 80
694 998 49
435 542 52
448 922 56
665 860 63
149 896 25
444 450 12
374 674 6
90 930 51
397 903 33
484 671 74
115 899 54
232 668 18
673 931 54
226 583 39
40 357 48
181 254 18
745 774 4
108 431 20
94 792 51
606 661 32
129 463 34
462 786 39
65 812 42
268 649 49
6 541 14
521 982 14
547 962 58
122 472 9
509 931 37
96 686 39
271 513 41
280 408 62
490 925 46
360 807 41
7 764 32
236 678 71
148 534 39
571 642 56
591 821 59
462 998 56
462 695 18
173 693 35
610 843 47
351 367 48
307 417 54
285 934 22
99 286 42
12 819 54
129 233 56
122 331 19
511 945 63
882 932 36
368 651 49
914 957 48
560 837 24
465 636 51
72 433 51
361 825 75
114 766 18
572 791 17
616 811 74
77 176 37
299 580 75
306 380 33
898 977 51
237 422 44
343 482 58
756 827 55
354 885 52
378 499 39
97 397 16
390 902 83
508 513 48
595 818 65
587 640 32
103 485 61
150 686 12
327 923 54
837 838 77
169 1000 11
273 858 35
63 353 54
63 186 62
19 973 8
130 764 31
198 328 43
345 516 60
407 511 70
249 719 59
86 493 43
223 350 34
362 756 55
900 978 34
499 993 38
65 253 36
686 776 65
361 581 54
107 981 44
527 622 58
40 940 74
597 651 56
176 876 61
605 766 56
28 582 38
702 879 58
79 294 25
309 340 72
385 788 39
601 657 64
331 566 36
619 636 42
148 490 75
298 479 24
521 584 23
392 421 39
537 849 44
408 889 36
9 402 15
36 431 37
700 787 44
809 862 38
60 509 43
270 931 30
127 580 64
167 974 50
77 619 70
125 199 51
193 394 47
470 720 59
18 449 26
416 539 57
23 828 31
7 975 41
757 787 52
250 559 42
718 860 7
711 858 32
306 652 39
598 767 45
781 927 4
156 229 39
437 943 64
345 972 19
283 852 51
294 741 53
348 835 48
599 644 63
757 893 47
578 687 55
508 967 31
245 433 42
514 680 57
71 763 21
131 604 24
148 418 53
411 724 40
510 824 16
565 705 39
264 924 20
339 434 44
127 177 50
141 910 61
217 687 52
505 617 51
339 781 44
68 919 44
235 723 12
29 110 25
832 903 33
24 903 16
126 956 26
294 527 56
347 724 58
566 904 61
148 292 75
157 820 9
720 842 17
104 855 9
215 633 37
13 379 38
732 944 69
128 645 54
147 968 34
112 272 65
347 474 4
278 637 76
259 473 21
141 939 78
211 675 46
54 535 55
53 96 45
96 150 35
238 430 33
688 719 28
269 900 55
536 965 38
279 698 32
360 523 29
762 898 42
109 405 17
364 865 23
115 339 12
30 335 65
101 961 16
304 464 60
149 158 34
279 871 44
382 831 66
56 468 39
239 463 48
424 462 27
113 830 49
263 892 43
507 636 64
37 555 10
745 970 39
139 946 52
220 547 18
92 700 35
343 384 51
61 418 68
156 215 38
165 210 65
23 687 46
170 553 49
19 935 39
91 563 33
82 638 25
113 452 52
420 725 41
631 719 45
61 661 68
88 198 38
188 326 43
590 696 35
105 205 54
326 631 49
275 707 55
48 895 55
303 854 8
496 593 42
362 738 41
153 296 19
276 928 27
244 629 39
545 704 47
642 715 38
190 720 8
467 744 28
481 704 52
210 775 62
219 429 25
16 47 39
488 520 52
466 758 23
507 662 25
133 242 24
583 953 8
31 325 60
318 735 42
297 411 41
727 883 58
248 628 23
378 889 51
143 760 34
174 429 34
95 975 35
937 954 53
415 533 46
451 928 54
139 424 36
373 508 50
548 753 40
914 973 20
220 266 64
118 457 43
367 780 22
187 712 57
303 849 40
342 778 44
789 813 13
278 419 29
23 52 45
359 695 22
370 785 51
14 751 62
234 719 34
203 993 56
817 820 43
384 438 39
374 542 28
510 804 37
201 449 22
316 775 52
296 909 51
582 683 27
16 851 38
644 716 63
590 602 28
27 479 36
869 995 30
251 279 38
493 657 24
208 997 62
578 870 44
616 754 52
66 637 71
330 670 24
726 730 84
73 408 69
577 857 23
82 115 39
211 482 55
453 963 48
583 1000 41
616 659 20
384 601 56
554 702 66
78 497 28
276 958 69
92 792 42
897 922 27
27 68 47
83 857 40
14 800 34
2 83 59
72 887 49
235 669 61
19 303 52
375 949 35
769 971 71
218 916 46
450 813 62
76 512 49
384 439 7
481 915 61
332 775 64
597 870 40
582 693 44
178 304 22
621 719 42
63 261 51
177 780 44
270 993 54
117 377 8
802 902 78
67 467 60
86 347 33
210 955 61
557 776 59
324 560 41
71 184 63
447 747 49
323 354 63
681 879 40
194 485 35
617 721 52
534 661 36
421 593 33
680 755 14
139 364 53
160 473 21
53 570 51
125 179 32
292 567 51
292 682 38
316 710 42
65 694 41
349 612 8
287 661 41
260 574 51
599 716 34
388 893 29
796 816 15
658 862 67
295 910 41
457 532 40
118 632 48
66 765 69
320 472 47
23 528 42
11 244 36
183 573 59
18 595 16
549 824 32
243 851 36
353 471 67
596 670 14
849 959 23
749 955 47
571 939 41
74 442 62
415 997 59
136 178 40
120 999 31
101 336 63
264 913 50
130 984 63
246 844 34
214 218 61
181 374 36
298 707 42
121 190 44
332 722 14
142 620 6
481 545 48
146 865 7
883 920 61
542 823 56
582 706 55
671 862 41
76 792 37
425 467 66
72 926 32
164 709 26
752 959 32
85 579 60
91 467 44
292 915 63
41 653 70
19 498 53
591 633 69
244 492 36
345 430 35
63 441 37
13 982 25
675 894 55
115 143 47
509 743 60
463 738 45
254 318 48
568 921 45
364 461 28
647 836 59
101 221 72
82 153 52
547 696 23
227 839 25
869 947 53
200 366 54
50 645 37
427 893 36
168 472 60
190 389 31
5 637 71
553 982 53
483 821 57
669 750 27
678 907 48
69 539 29
437 611 24
21 314 43
845 868 60
47 858 42
365 861 40
421 531 28
472 721 54
701 847 36
337 382 51
279 886 19
889 913 66
119 209 8
36 353 24
7 515 34
818 958 40
676 991 44
11 631 42
634 792 13
623 885 18
90 897 54
104 910 28
283 864 39
564 939 46
81 327 59
641 987 9
170 875 36
883 972 64
536 772 63
116 798 68
247 485 59
922 990 32
799 914 63
59 549 31
745 789 61
436 963 37
456 936 22
161 708 34
303 806 48
126 904 53
61 682 63
5 765 56
397 907 52
580 772 63
166 306 12
261 483 42
607 800 41
586 904 36
374 823 39
244 270 42
88 328 60
411 493 54
808 967 44
16 934 64
89 540 64
597 687 29
350 563 35
76 634 41
564 600 17
89 437 57
10 824 28
197 976 37
404 509 69
429 656 55
298 716 51
120 741 46
716 959 9
237 575 52
593 742 37
171 487 31
393 943 23
475 701 34
353 784 32
110 317 30
400 539 20
98 312 32
679 777 61
535 713 40
847 898 49
271 373 28
283 858 24
371 637 79
529 926 55
107 932 53
329 773 38
60 829 54
270 829 52
207 712 28
411 712 60
628 708 35
75 157 17
30 210 61
70 573 58
53 776 37
560 643 41
73 779 43
169 319 35
641 802 69
722 941 57
101 167 38
301 942 38
228 758 61
673 745 42
106 589 49
500 832 65
191 866 54
80 127 25
207 351 62
745 829 54
292 863 51
467 563 12
287 734 33
372 582 42
362 827 7
35 428 26
536 614 54
149 690 47
824 976 26
69 152 51
485 834 47
708 957 39
510 521 48
114 207 71
198 401 54
42 519 86
285 858 20
530 996 49
688 774 38
417 850 39
36 426 58
687 870 42
274 863 40
218 352 48
591 809 55
341 355 37
125 215 67
670 807 46
550 899 43
648 726 65
162 598 18
352 955 49
225 414 50
402 864 31
552 645 12
46 73 44
423 660 34
113 315 64
124 942 32
646 977 40
538 641 66
748 823 60
257 665 38
190 470 66
770 954 77
377 732 64
673 813 13
44 251 29
564 715 35
371 704 67
643 861 69
496 833 41
172 606 47
291 336 81
771 861 38
387 834 42
687 930 55
606 624 64
529 695 56
145 761 59
62 190 56
151 460 52
133 438 61
355 390 25
454 701 40
277 382 46
259 555 28
12 726 87
402 851 51
806 957 25
706 777 52
675 770 61
206 807 60
191 884 42
135 594 49
311 571 26
847 869 59
60 745 7
459 674 53
132 313 18
208 750 55
404 970 77
702 874 57
477 653 31
32 404 50
44 828 36
577 592 26
719 938 55
470 591 46
592 686 54
548 619 57
242 482 21
280 889 33
228 980 57
449 924 49
401 662 57
590 785 32
156 199 32
65 969 50
127 546 72
108 158 43
222 559 44
696 845 50
233 768 24
254 823 22
92 413 37
520 952 27
29 201 66
239 839 47
553 670 34
424 573 51
396 832 55
860 989 71
209 663 42
458 623 6
268 302 15
90 448 34
348 363 59
145 288 56
372 856 39
438 657 26
76 516 51
323 324 54
549 679 47
135 722 71
533 589 57
196 579 49
306 488 41
667 686 65
201 818 60
250 907 47
108 187 73
228 812 44
499 729 40
155 282 42
109 139 26
272 816 38
604 659 32
654 794 61
316 722 30
688 745 37
275 919 23
663 898 20
902 987 23
504 980 61
448 670 59
459 494 56
409 419 41
35 43 83
431 614 43
228 846 55
83 615 69
292 518 42
799 998 44
443 715 49
421 991 46
604 894 33
267 900 33
240 408 12
343 795 16
307 825 33
17 143 58
891 938 42
293 801 47
65 914 48
78 194 60
431 773 49
579 734 54
104 486 23
212 731 14
358 818 16
725 974 42
105 916 45
124 145 51
71 301 25
246 620 51
192 860 56
333 721 9
182 325 58
181 823 38
122 721 48
518 613 66
193 653 39
93 544 47
600 933 9
55 213 30
521 824 42
155 635 24
185 186 38
121 558 57
870 929 38
218 530 56
438 493 37
528 532 44
235 553 53
32 252 60
291 469 64
680 920 57
318 823 27
488 904 35
433 665 68
564 933 18
93 317 17
392 980 53
351 819 42
13 549 26
319 909 40
524 627 37
55 326 41
149 471 58
466 846 21
208 432 45
27 806 48
98 212 30
469 783 104
185 199 47
163 520 46
389 474 18
7 95 15
254 748 50
71 288 58
798 884 34
527 721 19
933 939 53
167 480 36
126 163 37
313 430 33
20 588 17
85 816 74
375 581 61
398 731 24
144 243 10
137 356 22
634 999 55
289 534 40
4 351 37
876 956 48
479 752 54
598 972 69
18 818 50
851 864 32
224 994 40
226 463 24
430 680 54
32 913 37
84 477 15
590 811 74
566 739 31
34 883 44
223 467 38
574 713 28
146 946 29
33 581 62
144 851 27
535 798 46
931 970 31
163 956 50
224 725 13
578 886 18
597 930 58
82 962 49
106 395 68
870 897 47
96 577 38
288 555 64
443 599 63
899 910 61
206 508 48
283 285 43
431 965 58
474 842 42
10 584 24
402 901 21
327 329 49
127 538 75
140 717 25
233 738 39
232 676 39
432 886 38
297 724 78
112 814 88
815 931 20
941 943 15
127 341 32
669 922 59
480 994 30
163 166 41
159 178 23
238 576 12
143 781 20
120 787 45
435 612 38
193 791 54
604 937 29
42 769 21
211 979 62
405 462 22
327 773 52
531 828 20
332 941 66
717 918 29
58 81 37
487 992 47
730 861 32
872 981 41
504 846 50
217 846 53
347 842 45
675 937 53
591 880 18
355 580 58
52 988 25
469 744 59
274 559 62
496 676 6
138 906 16
55 932 40
673 970 30
35 971 54
705 995 42
503 574 45
188 878 54
479 599 52
186 441 29
672 709 86
458 837 47
458 560 35
621 878 54
35 519 14
131 675 46
145 340 35
268 608 32
246 951 19
419 464 62
103 497 53
157 996 71
192 529 53
262 279 43
811 881 58
333 527 11
441 731 38
240 924 52
291 410 49
601 712 63
2 53 23
174 771 50
603 819 38
801 842 32
889 963 80
698 929 14
30 263 25
88 895 69
103 147 37
340 942 60
296 434 61
253 694 25
165 332 63
47 852 29
490 689 72
604 979 68
525 569 48
37 964 51
837 861 45
260 494 23
414 744 66
353 923 72
309 477 72
501 621 50
576 978 10
84 309 57
331 721 53
560 623 38
613 863 37
86 121 34
840 990 48
452 836 43
325 691 81
504 758 56
59 173 58
69 422 26
407 763 46
341 546 80
883 978 21
16 852 67
588 751 42
329 471 42
274 515 74
98 731 38
212 232 48
371 803 50
50 552 44
140 524 61
261 605 53
210 332 79
706 747 56
89 941 12
239 1000 24
166 652 37
590 845 61
329 923 41
216 324 49
415 513 45
431 605 51
1 130 52
160 321 62
500 624 54
4 177 44
448 596 59
190 950 23
24 543 15
76 406 23
88 569 5
690 773 55
510 584 29
600 642 49
233 798 66
773 784 34
39 660 26
74 306 64
258 994 31
709 971 44
28 276 49
396 992 22
1 373 52
156 833 16
595 706 52
614 965 17
406 792 45
231 486 45
251 871 29
180 699 56
229 668 28
30 892 59
263 646 50
736 809 42
453 826 38
697 846 44
238 514 49
350 744 26
626 751 25
466 504 59
100 179 56
789 970 38
11 938 33
568 895 64
852 934 28
529 786 42
190 801 47
380 520 50
369 515 65
227 574 58
306 956 16
151 956 60
57 333 72
62 836 8
2 592 52
533 841 40
132 345 57
203 213 33
293 842 23
179 261 24
456 841 33
939 945 69
135 749 20
122 442 6
105 214 21
159 997 64
15 782 53
638 962 37
821 862 69
112 196 54
280 541 80
117 835 63
860 887 40
115 284 47
311 361 20
841 936 49
99 287 49
89 710 77
456 873 42
808 936 40
212 948 44
163 306 36
458 838 32
443 644 39
704 915 75
543 903 12
109 424 14
233 535 58
526 590 74
374 574 54
260 650 28
636 740 30
99 606 44
145 594 62
602 696 11
471 923 40
578 990 62
60 195 30
430 883 26
657 790 34
309 594 41
148 289 16
445 594 50
628 632 46
825 935 70
64 477 71
141 752 77
285 402 50
101 204 34
21 778 36
540 749 55
716 854 32
443 537 47
160 761 52
460 745 53
816 911 19
887 926 45
211 439 45
256 699 53
155 552 4
42 410 52
481 518 72
27 275 27
28 366 34
171 250 56
85 237 36
598 666 32
418 534 52
49 644 40
106 908 37
583 843 50
38 851 66
270 688 31
721 778 45
543 559 53
483 655 17
395 915 75
707 809 22
107 305 31
70 850 62
450 789 65
797 844 31
41 350 51
282 782 34
232 446 8
627 740 39
122 527 65
28 403 50
304 690 66
164 381 34
616 770 59
4 766 52
342 548 21
68 498 53
718 825 78
78 103 43
81 178 10
356 466 48
190 836 59
130 369 27
376 763 43
522 732 53
876 904 38
79 757 39
286 606 48
22 559 25
170 826 73
447 924 42
437 477 70
235 990 58
175 884 73
566 876 38
342 893 32
227 798 19
875 976 8
379 521 50
318 374 60
316 332 42
85 391 74
519 572 25
273 934 29
15 314 16
152 276 60
201 706 63
334 553 48
524 634 57
299 831 19
71 626 57
229 880 62
160 257 66
594 761 57
111 402 58
629 794 46
15 867 57
25 253 53
369 415 36
148 689 5
227 233 51
157 822 83
492 629 60
160 259 4
50 111 57
435 650 53
312 532 37
663 701 36
325 755 57
568 737 43
258 268 37
271 967 23
830 836 33
258 302 35
940 972 54
75 263 73
350 425 70
726 802 65
5 180 58
128 635 23
246 865 22
26 969 51
152 200 37
75 165 36
564 642 60
410 519 58
177 819 37
585 742 23
490 915 55
12 429 61
553 807 32
35 410 46
87 396 44
187 766 77
484 809 24
854 935 51
132 680 36
17 339 18
143 284 23
338 810 27
7 704 48
114 965 53
360 982 45
254 788 47
1 513 23
742 929 24
27 957 34
491 846 33
290 819 44
410 791 62
177 609 38
536 831 75
43 225 94
395 803 36
509 745 48
342 617 44
558 821 59
253 973 45
286 500 70
336 649 34
650 884 43
454 995 77
123 392 46
219 730 18
1 508 42
568 952 37
246 461 25
577 585 58
433 926 36
14 860 44
353 605 38
205 338 13
551 835 41
330 807 55
399 960 58
577 615 58
484 591 69
189 394 63
218 892 62
21 741 35
9 562 45
468 651 53
225 350 58
25 433 52
476 506 69
190 347 46
108 426 14
423 873 54
488 586 16
572 783 118
64 594 69
315 452 40
33 301 67
301 748 59
118 708 40
643 837 28
2 208 36
123 532 15
745 815 43
805 918 46
130 589 43
166 380 35
775 892 66
15 741 26
63 923 75
77 662 50
101 268 34
129 583 36
58 570 56
32 743 48
206 513 37
252 789 57
560 885 53
705 918 54
203 640 60
567 682 67
804 808 39
196 734 22
31 182 48
375 825 38
208 615 25
674 703 33
346 587 27
425 714 48
373 686 53
793 827 44
407 942 26
146 951 7
320 501 61
58 848 13
602 845 44
357 786 22
464 908 36
23 531 40
35 791 35
578 871 51
174 603 52
722 822 39
43 783 26
257 455 38
368 685 48
181 376 55
57 721 66
375 718 46
502 680 72
622 753 55
739 904 34
667 776 6
383 810 62
362 768 40
266 696 63
241 345 55
584 875 20
622 739 49
277 371 54
342 619 37
478 558 36
469 966 46
176 904 27
321 473 42
379 423 52
253 498 49
272 575 37
664 738 32
205 454 51
204 302 34
312 676 34
218 996 53
459 503 45
344 858 23
516 972 64
56 846 26
30 916 44
196 534 57
264 889 42
325 767 56
960 995 35
70 799 47
203 305 55
249 631 68
443 752 56
118 988 28
285 562 59
14 949 46
83 871 56
425 625 35
305 932 44
37 800 40
236 422 67
103 906 51
344 934 31
296 696 50
193 477 70
265 601 33
138 142 42
353 431 47
182 786 50
262 528 25
118 736 49
132 727 16
498 969 41
247 448 53
360 379 24
28 93 53
289 624 73
234 501 52
164 971 65
5 256 55
401 525 60
450 745 52
153 319 44
230 987 38
319 440 41
108 784 32
34 900 57
274 925 42
547 602 13
754 954 61
505 548 47
662 740 29
604 754 9
117 662 42
852 858 37
453 779 51
699 831 33
640 882 56
341 765 79
357 989 69
135 321 15
259 761 49
158 431 27
415 570 33
126 306 13
160 445 40
63 948 41
336 744 68
195 813 19
66 180 49
386 951 34
563 625 23
378 629 30
233 839 46
408 924 47
468 504 46
56 620 21
30 530 50
319 583 52
750 990 32
98 532 32
164 394 56
2 570 51
688 829 26
217 758 54
341 614 44
67 459 60
261 489 45
342 427 43
312 731 25
192 245 45
654 729 48
410 783 78
402 858 33
107 872 36
247 497 11
460 472 57
887 949 47
452 879 54
116 953 45
254 703 21
341 580 42
176 586 55
513 533 30
26 708 54
603 609 36
788 823 27
267 576 25
335 352 37
49 716 55
278 382 29
617 778 9
442 472 9
175 839 66
140 551 64
114 158 55
401 895 22
348 662 42
368 466 44
316 941 31
353 896 57
267 883 37
482 795 55
6 252 22
454 869 50
200 678 57
813 970 26
442 721 53
767 940 11
593 912 16
537 716 42
150 432 52
2 150 46
32 541 37
337 545 69
139 797 14
103 387 25
810 847 52
494 994 53
112 416 46
30 817 65
13 510 16
756 899 29
416 575 49
70 694 24
288 751 13
372 683 53
824 982 29
79 741 35
124 288 57
405 695 12
643 656 65
761 964 45
101 302 23
531 980 58
319 1000 45
356 968 47
761 800 58
574 866 10
394 653 37
82 692 36
100 125 70
119 663 43
339 853 60
553 723 57
570 667 17
463 1000 27
626 800 56
95 764 45
354 458 45
850 973 17
362 793 48
103 495 55
138 846 26
204 994 34
338 977 48
269 978 58
202 798 67
14 626 55
225 649 61
478 801 38
257 352 59
5 831 33
238 267 31
113 811 79
700 741 26
564 581 58
266 702 71
147 247 47
372 679 27
183 498 47
23 44 47
140 565 17
162 767 38
112 911 67
393 722 51
353 426 55
15 635 37
704 803 40
84 611 80
155 741 56
473 955 34
651 930 43
94 636 67
311 318 61
801 950 40
638 692 35
361 511 68
213 640 43
287 579 52
15 757 40
281 850 24
346 981 11
417 973 53
337 908 68
415 589 35
45 128 59
100 655 28
272 911 54
689 925 60
134 315 20
41 625 62
182 192 63
361 600 15
470 862 64
108 605 45
729 993 65
264 408 66
682 689 39
579 796 18
574 612 64
250 500 57
436 453 68
754 894 25
768 793 39
142 491 13
254 385 11
272 391 31
220 881 30
270 719 45
508 533 48
392 597 55
300 865 26
51 481 37
195 774 29
391 579 38
241 680 38
619 622 55
354 623 46
599 854 37
503 703 33
15 983 49
768 839 47
3 657 46
250 903 46
312 496 39
168 442 63
512 792 41
274 292 63
350 625 43
203 794 34
36 784 22
209 916 43
119 996 55
49 443 30
140 639 45
335 755 66
300 462 36
94 427 53
484 880 55
162 325 28
699 765 57
98 991 36
186 312 31
112 255 64
271 456 38
705 733 50
79 388 55
204 494 45
46 875 49
215 655 41
286 661 18
114 431 31
242 771 68
665 718 69
148 925 61
3 474 35
10 905 45
29 93 50
159 848 57
336 469 39
50 891 55
203 378 51
92 999 28
117 348 34
302 420 22
498 799 37
98 676 14
741 782 50
225 467 71
379 584 29
554 868 34
19 806 36
12 609 51
236 986 71
73 683 64
94 805 52
431 766 19
64 309 38
277 337 34
853 899 35
139 462 26
85 917 43
357 695 16
72 417 35
34 345 13
254 542 37
300 685 53
473 594 59
394 971 66
57 719 48
760 868 36
468 685 44
16 45 64
458 861 51
226 239 45
329 353 32
513 570 61
94 627 22
532 593 15
156 496 37
351 609 44
161 628 41
288 626 20
381 653 14
13 875 8
2 686 41
77 465 24
204 349 43
131 659 18
626 942 44
479 537 29
79 893 27
253 799 32
355 536 65
51 95 56
342 413 44
448 840 51
76 733 50
151 331 45
488 618 38
520 525 58
712 819 61
115 434 52
146 364 25
171 907 11
215 232 44
22 24 50
40 424 28
171 678 43
128 700 48
364 386 33
87 582 53
159 304 36
277 278 72
331 739 64
99 418 54
591 671 28
524 705 64
737 895 35
400 422 37
756 853 8
181 703 12
547 845 42
478 671 51
413 619 41
315 868 14
62 452 51
621 829 53
199 446 47
1 206 55
52 457 34
237 416 21
288 761 45
655 833 40
879 979 40
612 994 59
99 661 30
659 754 38
155 878 63
475 977 52
719 829 16
250 992 37
52 980 51
511 825 45
5 278 77
515 533 70
461 685 49
211 343 7
391 911 29
406 787 59
335 455 33
201 747 45
250 543 39
533 746 27
393 437 82
271 533 56
352 892 47
156 212 40
282 700 39
584 824 20
369 589 22
547 590 20
289 689 17
704 908 54
92 787 51
356 906 7
412 940 10
235 485 68
265 438 62
213 305 51
79 120 51
259 749 56
333 505 31
446 489 40
136 464 48
355 538 58
300 797 15
56 138 22
40 359 18
128 983 41
131 770 38
167 961 24
288 588 38
52 421 32
96 208 5
305 729 54
764 863 64
538 987 73
67 91 18
567 863 82
289 418 38
309 437 52
58 159 51
222 250 27
621 938 38
542 703 19
91 459 63
331 442 17
67 542 75
102 422 51
38 867 29
333 617 46
17 284 60
61 99 38
54 735 54
236 500 46
175 953 51
127 536 68
62 647 52
313 883 56
444 813 71
263 530 33
492 631 22
9 934 44
340 763 42
398 948 36
595 747 32
54 503 54
798 866 41
78 448 60
153 638 28
122 652 55
183 253 57
476 653 71
15 128 34
858 901 42
180 637 22
182 989 37
486 853 28
246 300 45
80 987 79
184 340 29
988 991 46
169 664 30
418 689 55
454 762 12
588 626 18
49 715 49
123 531 38
156 489 23
307 949 57
311 581 60
345 514 19
332 710 7
461 946 37
178 848 46
297 657 76
407 588 56
659 770 50
149 784 46
470 985 70
354 838 15
294 893 39
79 342 34
34 514 29
220 602 29
300 844 24
61 148 23
316 540 67
117 627 56
252 404 26
188 891 32
718 887 38
53 686 29
105 209 6
76 900 44
318 385 42
133 954 50
78 387 52
674 713 43
286 418 62
522 662 59
53 557 36
108 614 56
334 967 33
90 247 30
495 852 28
94 512 33
492 499 53
229 991 46
281 854 54
133 211 19
557 841 44
703 748 54
329 690 59
294 619 55
832 888 54
592 871 51
320 333 41
283 901 19
135 540 43
43 428 59
436 693 69
296 962 14
512 805 50
587 981 22
277 395 70
59 396 59
428 769 74
734 796 63
281 945 47
239 953 43
531 988 33
574 884 30
111 144 13
110 366 58
147 497 54
437 540 42
126 876 25
142 844 52
109 300 37
56 697 43
85 272 56
167 224 17
335 684 30
78 723 67
46 197 32
77 622 52
158 426 50
153 463 58
100 156 42
781 845 50
565 918 20
432 615 32
715 933 26
223 744 11
167 608 20
35 672 24
194 826 65
379 824 17
640 794 57
367 614 47
388 512 61
421 532 19
64 124 62
105 119 10
123 528 37
296 602 60
264 447 25
491 758 36
7 863 49
311 511 69
269 733 31
217 504 46
12 987 50
247 697 52
363 568 64
158 784 13
37 160 38
571 752 60
309 540 48
518 704 62
430 576 38
92 893 48
104 899 46
251 585 21
92 634 53
639 717 68
211 242 37
41 467 72
843 953 47
821 880 69
34 238 54
219 771 27
601 819 54
361 715 39
759 877 60
50 144 55
515 613 40
43 410 60
137 147 23
47 851 60
82 370 57
302 480 51
317 517 60
122 151 45
259 445 37
294 427 61
195 789 31
333 548 56
6 743 10
633 720 64
475 820 55
80 780 21
387 759 58
310 422 15
774 815 42
675 874 66
9 55 64
247 890 32
270 815 12
645 878 52
543 992 40
137 846 37
52 161 56
29 366 55
188 631 14
147 495 63
480 608 22
334 360 15
681 874 64
345 767 67
433 860 53
199 633 51
114 426 41
106 704 59
220 526 74
91 349 68
522 835 44
156 668 14
271 557 43
182 357 55
308 562 48
44 871 44
175 843 19
280 654 60
344 882 36
710 941 68
826 963 64
330 723 31
463 909 27
191 650 14
344 402 42
85 422 68
34 412 71
497 968 31
874 979 30
13 436 73
712 790 48
430 514 20
521 553 51
515 764 9
382 699 78
58 984 30
177 355 63
456 533 53
290 641 64
39 841 34
64 84 58
337 637 27
687 922 46
392 528 14
287 624 72
591 862 18
55 203 56
508 660 40
713 798 30
530 892 11
326 492 45
165 710 61
13 976 13
808 873 49
341 965 39
270 774 53
154 879 61
763 942 37
145 763 71
399 733 65
22 222 39
170 982 20
40 139 48
142 461 34
289 925 47
246 386 35
133 384 33
63 329 56
251 929 20
478 842 45
532 698 44
216 730 39
577 886 62
321 540 53
249 829 61
262 531 25
609 728 51
1 456 49
113 702 34
48 198 42
130 415 61
138 491 46
468 491 19
304 419 56
9 864 42
695 786 22
156 446 20
443 571 73
867 983 54
222 992 37
107 834 60
352 684 32
131 979 56
51 915 67
616 874 47
840 930 62
659 979 39
241 313 19
38 635 62
410 572 66
520 921 7
503 674 9
736 919 34
158 605 54
165 820 56
124 184 48
197 824 39
255 391 75
381 477 19
30 218 26
578 922 39
685 865 51
188 621 23
338 383 41
298 537 41
104 550 53
840 897 19
181 542 30
464 803 46
76 92 63
10 379 20
9 308 15
34 972 25
192 887 19
675 979 38
13 824 21
87 372 47
152 544 35
390 561 33
15 645 47
181 674 41
173 777 39
485 872 63
230 290 67
