1000 5755
656 928 68
60 935 55
428 830 7
124 541 52
670 713 51
4 15 23
518 662 67
164 918 34
501 750 59
163 403 52
35 496 55
209 844 52
54 481 44
185 515 56
5 285 29
588 664 46
796 973 64
148 860 60
64 347 68
595 918 13
482 534 33
169 194 32
159 582 39
1 86 36
790 800 32
566 996 9
248 392 50
666 947 58
21 822 41
105 273 37
499 651 42
166 531 43
352 701 14
421 576 36
64 284 25
47 957 57
411 739 23
596 954 60
517 852 69
316 522 42
175 994 56
312 369 44
198 625 47
209 631 14
96 320 24
363 932 22
234 625 30
232 673 13
658 972 30
722 815 20
16 559 49
772 902 45
93 243 58
165 274 59
133 191 42
516 893 35
356 469 52
534 997 45
139 538 27
458 479 19
545 870 39
284 436 69
161 834 31
285 491 29
399 491 50
856 963 27
262 752 51
99 190 49
245 782 38
148 586 38
301 753 79
293 735 35
392 960 47
724 1000 49
365 442 74
510 751 60
17 525 71
405 663 68
252 612 23
84 327 48
158 942 13
238 252 65
365 958 75
112 843 40
232 387 32
505 701 42
488 690 55
422 903 26
447 949 47
362 797 41
507 794 32
541 869 44
297 822 22
581 867 30
296 951 18
47 740 44
833 946 17
312 699 15
58 192 45
611 641 52
629 926 43
635 848 58
36 330 21
83 316 47
421 795 31
233 669 48
238 610 15
214 820 68
350 638 43
472 799 52
76 466 62
483 667 55
295 717 69
40 44 42
472 575 51
170 984 31
31 756 53
145 992 17
383 586 17
280 551 30
44 486 35
949 978 50
34 149 52
106 121 48
53 278 49
95 972 59
95 250 74
278 368 36
86 172 53
353 819 45
27 823 71
440 540 30
86 749 64
636 859 31
433 603 40
13 557 57
8 648 42
169 776 24
253 620 38
273 349 64
306 500 17
337 954 58
785 873 44
94 967 54
481 903 34
711 985 71
256 557 13
688 873 40
414 492 9
220 616 37
417 623 56
401 407 14
296 315 58
460 533 38
46 476 67
218 661 45
315 858 45
368 417 56
108 818 40
300 735 56
85 666 54
344 601 56
219 691 76
475 613 23
55 76 32
508 616 41
39 216 39
316 637 22
137 861 54
597 804 32
916 978 22
158 571 17
382 838 41
496 677 46
290 601 62
62 713 36
259 748 66
183 649 24
85 393 29
180 614 42
164 544 54
430 696 43
445 526 25
647 837 63
263 970 56
43 718 59
426 702 38
77 492 29
318 442 59
261 807 41
90 370 51
188 252 9
688 923 21
18 301 47
492 561 64
106 413 46
450 942 26
791 870 16
53 368 34
495 548 39
379 504 18
10 91 52
310 539 15
295 969 28
71 550 48
684 955 45
558 729 27
183 671 38
263 933 42
669 997 36
257 650 21
215 571 55
586 990 31
30 56 72
709 972 42
649 671 17
330 509 63
844 972 57
34 579 54
442 918 42
170 435 55
443 991 56
509 996 102
378 894 17
680 950 36
214 738 29
233 739 26
138 542 54
884 943 65
521 729 39
529 808 86
615 646 50
324 766 63
325 527 71
149 578 55
115 240 84
111 333 41
809 993 55
417 947 63
407 990 42
920 954 62
614 795 38
490 741 63
130 817 16
697 994 68
174 346 21
854 969 52
203 241 43
545 791 54
418 560 14
120 183 73
889 952 41
638 853 42
459 614 47
169 495 68
492 777 54
439 639 39
627 672 16
716 881 57
254 285 72
367 386 53
42 43 59
387 443 6
536 860 25
666 882 37
456 620 39
302 691 51
784 852 52
234 327 17
159 531 37
180 270 58
108 478 16
202 920 54
632 652 32
72 481 17
217 436 68
465 843 10
350 680 42
604 614 26
81 214 44
367 613 72
93 212 39
714 845 55
259 398 21
523 543 53
110 362 40
218 375 11
297 588 35
5 491 46
932 968 31
46 500 50
522 552 31
130 191 51
240 609 62
167 717 51
44 819 38
59 108 12
284 466 43
446 569 56
623 947 74
12 368 39
53 222 48
790 911 54
606 946 17
48 871 31
885 942 30
207 644 53
313 933 59
139 617 14
563 971 54
387 673 26
192 223 17
831 980 72
873 874 29
427 944 63
833 868 44
7 581 50
145 512 51
383 990 34
524 831 22
72 863 27
576 978 55
134 146 60
113 937 39
875 897 51
460 876 29
280 670 63
36 152 46
715 761 33
549 869 44
643 993 32
464 620 37
278 843 34
406 465 16
246 901 43
262 689 52
62 938 22
468 944 38
206 734 49
146 785 11
144 160 46
35 936 39
118 827 17
323 569 44
228 763 25
242 286 48
161 667 32
46 681 70
219 570 17
164 431 45
21 591 66
257 734 42
470 927 18
359 973 30
402 462 19
139 679 36
712 750 11
545 622 44
171 320 35
461 805 71
73 404 28
566 758 115
164 595 45
395 555 56
33 518 40
73 243 46
101 260 27
113 307 63
13 553 33
387 991 51
457 578 20
423 443 44
354 788 93
51 598 43
528 991 55
275 974 10
6 33 72
156 921 53
499 689 59
459 604 43
256 403 45
12 222 27
466 563 55
634 746 56
185 205 19
175 835 54
559 787 18
260 402 50
889 907 56
311 514 12
197 979 10
338 826 65
524 980 66
629 790 50
832 967 7
340 721 40
299 784 33
260 649 48
36 257 47
556 876 51
281 413 62
288 568 50
325 562 41
341 475 45
69 832 35
291 911 40
240 789 61
425 934 39
525 656 36
484 895 26
776 835 31
561 747 16
115 407 65
692 725 46
400 722 45
358 470 64
102 721 45
279 836 36
551 676 65
717 786 52
728 783 34
102 800 45
408 634 43
189 572 32
416 665 49
508 892 20
374 644 24
192 501 29
474 607 60
97 633 60
824 864 36
378 422 37
23 186 6
170 415 61
262 379 66
424 645 43
302 738 31
346 392 31
249 317 55
326 747 22
142 628 70
231 966 113
585 738 40
210 362 58
372 666 61
209 363 54
104 251 58
403 527 39
605 995 84
341 525 26
522 773 6
641 682 42
477 826 50
552 898 26
27 630 58
392 906 57
442 595 36
359 883 60
525 613 55
361 775 30
135 956 17
670 981 46
8 933 68
170 995 73
135 917 25
343 439 16
447 614 44
510 549 27
123 647 45
14 829 53
334 886 52
157 345 13
421 604 36
446 965 45
375 841 49
444 574 68
335 407 27
158 450 39
305 638 56
695 971 61
504 752 57
565 692 63
239 703 48
90 272 44
102 313 63
781 903 37
478 818 44
294 424 29
316 851 47
135 643 41
82 561 49
521 523 15
437 730 53
16 853 47
348 944 51
574 823 28
857 904 15
530 970 47
38 681 63
112 504 28
180 597 13
865 941 8
453 856 30
334 630 58
303 752 39
71 878 68
53 372 51
704 969 48
186 676 39
67 543 29
604 978 11
288 790 59
670 945 31
708 889 53
794 901 46
704 786 48
551 754 53
97 807 39
203 398 71
166 266 59
87 654 19
54 72 28
366 511 38
387 783 34
736 853 36
173 738 40
363 968 30
487 508 36
660 835 67
268 292 23
617 679 29
19 624 43
706 715 30
405 938 66
172 976 45
116 151 42
145 365 73
709 932 29
53 228 32
91 239 44
6 662 40
538 679 62
26 879 32
109 856 50
321 489 42
949 999 34
669 739 42
367 928 56
149 986 17
107 316 48
155 908 32
81 94 36
504 963 53
67 731 52
378 453 47
432 512 22
638 785 62
687 741 8
38 631 42
575 885 36
428 859 17
406 504 56
24 369 30
401 911 18
311 547 70
232 794 54
757 896 26
407 975 59
45 825 79
84 625 19
126 240 36
150 747 38
902 928 31
232 988 41
61 585 49
196 725 71
353 486 39
237 348 60
24 392 27
215 449 56
10 672 65
113 764 34
227 907 36
236 842 49
419 584 70
798 903 41
697 703 42
791 941 21
70 111 65
225 592 65
293 505 21
460 529 29
542 568 46
250 529 35
31 119 39
303 651 42
6 846 65
199 573 8
70 955 53
426 845 53
283 921 50
237 427 73
599 930 60
421 916 59
106 678 51
20 33 58
599 611 51
643 956 49
441 755 55
29 307 75
388 863 45
136 983 36
154 975 34
565 619 16
253 355 41
583 851 57
547 891 64
698 763 15
22 557 28
521 543 38
581 627 28
62 974 2
151 196 72
144 193 51
543 729 14
749 824 48
458 756 10
645 726 42
275 861 56
556 784 22
282 317 43
205 940 42
461 788 40
328 399 12
393 705 19
635 935 47
312 463 24
333 821 23
401 665 58
220 890 25
244 940 24
64 794 41
39 209 58
756 849 47
505 632 56
160 245 48
614 646 40
249 927 43
259 776 66
256 420 29
739 997 26
41 189 33
182 372 37
440 931 40
212 546 30
213 439 52
73 552 40
189 809 57
702 714 53
170 681 23
354 837 42
148 365 58
127 530 63
185 897 34
388 453 28
766 783 40
264 874 30
420 557 17
467 942 48
186 765 30
180 706 40
162 832 34
796 850 55
340 629 37
474 755 43
116 430 60
180 801 48
23 247 71
803 866 45
89 429 73
524 989 51
365 536 41
497 585 88
324 970 34
535 610 35
739 992 45
174 792 37
223 268 53
570 738 32
74 465 51
907 961 29
634 745 9
180 949 40
73 403 51
896 975 68
323 841 10
183 357 45
753 996 91
8 70 58
7 31 42
88 874 59
158 799 50
156 304 16
861 986 14
497 904 83
116 802 66
383 768 13
109 261 42
588 950 46
629 721 20
727 832 30
204 859 65
309 688 62
297 800 56
138 787 52
261 406 11
785 842 27
419 859 77
46 594 79
506 717 48
737 878 56
455 726 64
658 844 27
260 357 67
102 407 63
203 386 63
396 416 44
421 999 41
210 444 50
342 434 23
216 709 58
698 815 31
419 636 82
336 348 58
32 740 50
157 814 51
18 758 88
56 152 51
172 208 41
202 880 45
914 977 49
76 944 45
28 446 12
296 382 54
826 854 76
514 712 57
28 661 58
424 495 48
191 753 30
686 980 93
473 979 58
537 930 53
92 345 55
358 879 22
343 523 54
311 474 12
269 478 44
392 555 59
753 909 67
274 565 65
232 385 47
9 118 47
255 598 66
601 993 46
174 887 3
359 565 64
303 504 22
18 461 56
353 998 82
795 949 24
316 759 31
4 618 28
541 661 11
289 897 35
390 835 34
196 410 49
248 692 41
425 558 26
208 394 59
43 999 48
262 332 10
180 195 64
106 626 39
513 672 71
576 604 49
585 857 44
218 516 9
195 761 50
201 946 54
908 939 40
272 792 42
256 622 29
36 805 28
579 646 47
836 940 14
285 351 55
219 287 45
305 309 59
443 483 47
260 816 44
320 364 35
354 461 65
706 801 44
26 927 37
414 657 67
28 877 35
176 322 69
417 891 27
74 763 42
526 723 34
610 937 76
449 571 41
177 910 64
259 710 35
727 865 33
543 934 45
159 227 61
548 835 61
574 797 32
819 886 57
109 406 47
451 616 77
713 905 43
182 311 57
65 593 58
1 240 56
90 792 5
93 546 54
155 784 51
157 478 36
270 421 44
757 902 34
427 819 63
656 977 61
202 262 51
273 862 13
77 224 71
455 696 68
446 957 65
237 630 30
78 982 63
399 533 42
175 412 72
724 855 94
10 867 9
635 871 51
919 993 50
105 970 53
107 243 45
20 560 48
64 771 46
559 591 55
141 340 48
209 972 45
114 494 60
226 363 58
401 586 60
430 925 59
372 872 49
557 564 45
25 457 66
22 420 38
218 841 50
402 494 30
298 481 37
382 951 43
274 616 58
125 683 10
153 410 71
16 305 15
262 309 68
249 381 57
487 616 53
403 404 57
360 428 67
135 743 21
901 988 45
747 925 57
81 723 35
5 625 39
251 758 14
513 811 56
421 597 24
302 445 1
793 997 18
854 913 31
798 894 36
241 977 47
628 754 34
402 637 41
48 80 47
479 811 56
212 553 61
517 829 27
206 207 41
184 228 14
181 714 27
280 652 26
654 889 54
170 231 44
502 708 47
328 625 36
15 326 36
183 946 38
97 400 43
65 276 56
19 92 39
124 834 33
79 345 23
616 850 37
447 576 11
187 242 71
23 765 25
629 800 22
405 598 40
429 709 42
87 791 15
9 304 65
252 610 51
176 351 20
556 908 11
364 731 41
215 575 63
140 793 18
141 768 42
520 592 34
64 75 48
553 871 24
205 836 29
145 534 45
150 561 52
169 259 48
172 770 76
591 957 65
261 843 27
132 705 36
596 754 24
554 701 47
234 876 38
363 681 48
113 252 63
430 495 35
76 677 53
49 413 20
700 917 55
303 379 16
214 302 7
258 652 63
845 960 43
450 885 26
422 863 17
291 407 16
113 319 66
353 468 27
404 899 54
841 866 43
31 458 59
47 323 48
379 689 46
10 235 42
33 981 73
185 895 45
560 745 41
132 989 50
317 381 50
179 487 29
29 188 35
421 949 9
71 505 58
215 799 39
397 856 24
276 593 28
99 434 54
204 265 67
372 690 59
101 120 36
445 570 39
808 900 72
497 647 13
621 952 58
124 510 15
756 811 67
59 79 32
138 588 31
531 727 46
218 569 22
58 63 61
531 870 31
95 631 58
617 893 45
542 629 47
86 279 57
216 932 53
52 271 48
579 916 31
667 674 27
81 727 50
52 644 37
758 996 117
799 942 61
208 864 50
97 485 34
99 584 68
50 142 61
87 865 19
424 657 33
177 822 74
703 867 31
547 872 42
522 583 34
607 872 45
226 493 36
17 928 58
244 279 27
563 695 8
226 968 36
52 544 48
422 866 7
144 371 48
22 163 21
358 998 81
84 480 45
147 961 53
277 329 38
170 829 44
253 522 37
453 633 57
672 867 56
13 888 58
623 872 31
1 279 26
22 915 6
588 910 20
34 457 18
881 955 51
96 425 46
25 454 26
332 874 65
141 990 51
550 921 9
800 910 48
106 385 21
314 1000 82
685 703 30
219 820 81
383 911 57
47 397 52
375 693 50
226 932 45
266 318 60
61 837 74
892 943 45
840 915 50
69 287 41
186 980 67
261 698 40
370 792 47
371 908 47
346 463 51
129 440 23
128 524 54
11 686 77
22 437 47
451 892 43
10 728 43
45 131 94
39 435 14
120 339 18
529 876 52
509 769 12
37 700 32
165 802 12
21 588 47
766 991 50
249 998 61
167 854 51
49 121 50
62 137 6
35 659 60
106 246 53
301 509 68
73 898 34
26 381 69
227 502 46
587 645 50
624 814 42
102 335 57
184 827 52
472 942 60
242 560 27
112 261 34
652 846 38
162 287 49
268 755 57
383 416 23
122 957 50
25 962 40
104 805 36
323 798 34
364 537 56
141 396 51
110 988 55
295 704 35
294 587 39
341 928 64
9 262 70
487 890 10
55 630 80
241 613 27
348 642 42
311 712 47
113 472 55
725 973 50
77 221 59
23 676 39
158 590 14
332 689 61
371 782 31
86 824 59
482 793 1
849 928 48
325 536 75
823 948 64
346 792 26
535 929 23
126 875 56
384 736 48
184 762 33
744 855 41
416 860 39
435 500 26
784 838 46
24 310 19
427 642 32
270 448 45
160 939 30
640 767 59
345 358 46
655 743 58
469 952 52
81 832 22
200 203 55
816 985 61
1 702 25
487 850 48
111 498 46
197 947 40
359 725 57
398 587 34
620 895 41
82 777 32
616 884 39
159 889 37
552 773 28
4 600 15
288 664 36
886 944 53
134 961 68
165 883 19
370 960 36
121 991 60
1 567 42
290 956 61
329 934 44
406 651 45
362 574 10
17 977 71
162 723 42
403 915 50
579 718 35
755 872 55
79 605 58
661 931 33
493 968 72
226 429 27
86 702 41
250 760 69
247 825 25
45 128 93
191 566 116
591 740 54
124 440 15
422 538 46
438 608 57
28 375 57
354 769 77
314 351 80
682 934 25
199 369 63
24 539 29
673 839 7
368 722 34
125 792 39
208 609 68
674 991 28
659 797 35
567 845 3
554 745 53
135 962 60
371 382 31
850 930 59
153 883 40
177 591 35
272 370 19
32 798 50
124 667 47
721 800 20
310 392 45
375 877 35
132 596 42
196 883 73
417 488 17
405 905 58
306 932 38
631 709 65
168 594 100
395 960 47
43 956 47
356 396 57
324 922 10
94 162 31
829 995 65
239 867 17
587 726 15
511 826 34
189 418 57
26 79 40
143 287 51
38 438 45
327 625 47
51 535 50
350 736 55
452 812 49
505 735 15
115 225 4
22 403 51
179 850 30
485 843 21
89 972 62
569 893 53
426 836 39
243 552 44
46 435 66
41 290 40
445 738 30
244 272 55
100 595 66
565 780 63
34 861 48
296 489 39
228 488 57
428 636 19
805 817 28
523 729 51
183 912 44
77 925 43
76 347 35
312 887 37
743 993 21
140 340 27
275 713 28
1 520 48
247 831 29
87 166 38
166 870 47
357 649 68
568 800 19
13 694 7
83 114 35
64 246 42
680 853 47
295 366 42
386 581 70
527 562 57
259 430 53
107 773 27
368 488 43
392 692 44
233 721 37
28 684 62
579 978 53
772 811 38
357 912 10
790 975 62
71 258 38
662 670 23
125 369 4
255 929 38
350 842 22
660 812 51
602 759 41
580 808 76
141 335 56
32 841 44
269 858 29
736 997 52
243 331 20
167 295 34
786 969 60
40 486 14
222 690 49
763 815 39
43 655 26
286 701 58
161 549 50
436 695 66
654 870 47
324 881 27
141 233 21
468 814 59
119 581 36
169 835 53
177 664 69
60 104 20
141 911 57
94 570 32
383 396 55
356 534 59
2 655 67
108 345 10
483 794 42
377 761 19
208 976 40
766 955 33
171 425 44
5 675 40
221 618 51
462 494 45
232 483 49
155 371 37
81 967 23
71 337 47
729 934 33
412 830 75
662 713 72
298 679 70
526 691 75
126 205 50
101 339 20
320 934 36
561 777 64
13 871 42
25 919 37
261 465 23
256 915 28
21 127 52
436 814 70
137 663 40
128 197 79
60 330 29
98 821 39
91 235 13
161 510 30
341 977 37
672 703 47
847 967 50
194 587 57
339 816 27
450 575 42
32 122 49
639 826 30
72 803 28
61 857 48
18 753 58
180 999 56
331 374 42
8 446 59
55 886 63
317 927 14
411 793 34
343 826 46
216 500 9
538 617 39
514 744 57
199 357 68
831 947 81
185 484 49
167 584 71
89 844 55
219 302 25
144 838 53
735 954 33
160 625 35
173 888 47
353 381 77
412 659 57
18 996 34
275 986 59
364 599 14
461 753 54
919 962 9
451 619 47
132 676 50
125 555 60
7 119 16
214 445 7
34 578 32
140 926 43
828 897 46
68 758 60
680 736 14
243 374 27
160 617 49
803 863 35
495 657 23
398 657 42
417 882 13
775 989 39
339 912 60
596 628 54
49 794 26
260 494 41
235 627 22
618 777 64
637 759 48
278 698 20
238 255 30
217 695 11
390 444 65
360 636 79
693 893 46
275 938 14
662 981 63
675 781 17
444 859 62
278 485 33
640 715 36
278 763 14
277 364 65
40 642 32
135 919 57
59 157 24
451 884 61
9 722 46
384 638 43
361 628 60
415 829 57
180 640 57
477 639 21
906 953 41
62 861 54
684 970 33
366 826 70
77 495 60
565 973 69
705 979 63
349 987 52
3 206 36
254 808 97
339 494 44
169 398 55
496 948 26
572 687 21
675 863 45
189 687 47
821 987 53
382 782 13
834 869 46
837 983 28
546 935 49
352 746 44
47 122 38
396 534 44
77 696 63
193 908 41
318 325 38
484 515 48
67 558 24
149 457 61
339 357 52
308 948 10
226 972 42
594 829 112
153 603 56
610 612 43
146 741 61
304 337 73
528 695 43
640 804 53
578 986 40
174 392 19
617 781 50
263 813 60
573 868 55
285 675 40
13 80 41
200 587 49
207 212 37
606 868 41
173 848 43
748 812 53
601 643 49
777 930 60
460 900 51
64 507 47
432 982 49
151 883 31
306 968 31
104 206 57
532 645 41
368 762 14
314 808 92
83 207 52
103 964 32
616 796 38
203 367 47
285 328 53
160 193 42
56 779 25
830 859 22
750 855 47
241 455 50
131 980 84
81 287 24
398 548 46
516 661 53
82 96 52
299 658 65
175 503 38
61 497 41
596 737 52
438 681 55
443 783 38
595 897 78
17 656 47
306 709 49
676 775 25
861 974 54
533 876 15
538 903 22
328 760 43
635 888 24
448 646 58
77 657 43
646 916 16
425 729 37
553 888 26
11 942 75
270 999 3
522 774 26
168 995 59
128 980 76
6 598 68
868 912 57
648 957 24
567 836 53
48 848 37
189 490 70
176 268 70
473 947 22
185 875 68
275 905 26
9 332 67
822 933 41
434 859 59
43 448 23
101 494 57
28 569 48
542 853 40
733 790 65
340 482 12
623 891 37
727 959 26
369 392 15
161 931 38
278 722 27
380 683 34
225 401 76
504 651 29
145 432 58
785 923 55
195 801 62
269 624 27
254 491 44
335 665 53
239 627 50
848 871 14
615 978 56
76 348 47
190 636 57
689 880 58
184 722 20
49 64 35
168 170 29
222 292 60
493 709 53
374 898 37
360 660 62
250 808 52
311 501 57
459 646 44
214 287 53
456 810 43
752 880 62
212 271 51
379 589 48
154 757 63
80 546 9
349 498 26
680 842 62
2 919 49
365 768 38
133 650 60
569 965 28
94 526 46
523 558 26
308 936 81
40 719 26
471 589 36
263 648 61
713 938 15
57 451 16
1 289 36
439 913 33
74 176 53
252 764 29
355 456 27
142 467 46
107 374 54
219 738 31
782 838 39
769 837 68
187 189 42
249 470 56
4 326 40
31 707 19
291 335 42
415 594 58
600 747 39
567 702 24
668 942 35
105 955 21
175 672 63
542 950 15
93 271 44
252 319 5
544 562 48
147 952 39
216 968 37
290 408 35
801 804 28
104 330 29
282 605 14
550 596 42
353 814 54
607 623 32
520 609 77
704 913 31
35 823 29
131 247 75
601 917 22
163 420 22
125 539 56
197 765 67
157 818 46
641 934 62
319 937 29
85 705 36
69 801 55
468 819 31
395 692 36
20 634 47
107 898 26
583 774 47
236 621 64
494 851 40
121 673 41
101 711 59
234 460 54
661 881 58
118 878 64
800 950 47
677 948 64
66 985 69
265 419 45
304 878 12
443 673 21
685 994 62
79 282 45
88 752 38
27 574 59
70 105 45
636 830 22
509 788 60
44 814 54
375 661 38
405 713 68
7 839 49
270 949 37
147 469 15
265 342 67
146 350 33
14 995 19
576 597 30
168 415 49
477 511 69
476 829 38
596 676 31
191 805 28
437 622 26
363 435 13
614 916 50
263 530 16
138 822 72
194 710 21
575 942 17
512 992 46
639 913 71
373 796 39
371 924 52
874 880 19
307 929 85
148 416 24
127 740 59
71 300 11
500 681 58
333 707 56
78 318 54
900 1000 54
505 920 69
130 257 57
89 1000 75
471 651 56
31 728 25
224 618 56
9 827 35
712 855 37
720 991 36
615 718 24
715 801 27
862 955 50
299 852 30
490 621 39
395 683 29
563 751 43
75 246 18
384 559 36
336 677 43
340 568 41
629 669 3
511 639 54
310 906 17
123 857 19
147 512 64
65 315 47
475 525 63
197 705 71
260 833 48
493 932 74
20 454 50
176 633 62
20 632 56
929 937 69
650 734 22
69 967 35
2 454 26
357 868 63
626 678 40
133 251 61
905 974 22
328 876 44
566 788 37
602 620 49
96 611 46
102 790 14
287 727 43
403 564 30
514 755 48
224 925 30
546 694 57
203 726 24
648 732 18
408 560 54
875 918 34
338 639 40
484 810 36
483 991 23
489 679 63
408 572 64
784 844 43
247 524 11
716 955 9
481 633 55
647 983 54
813 933 52
381 998 6
42 579 42
209 932 40
647 857 63
117 475 21
177 559 48
124 674 52
287 820 75
685 778 37
700 889 32
446 877 41
192 712 37
359 616 67
35 948 37
197 831 47
27 55 70
164 325 51
29 319 29
21 664 37
482 926 28
43 962 46
38 517 51
297 910 52
67 425 49
409 616 29
810 833 38
74 400 42
310 555 17
119 703 47
307 319 49
5 327 45
385 685 55
287 832 17
360 412 28
352 735 48
172 240 16
32 397 47
270 795 14
109 651 24
320 729 53
362 659 20
534 793 33
509 805 40
400 807 37
157 624 34
46 966 71
15 82 36
52 527 50
271 546 37
600 777 54
100 527 35
456 637 38
204 342 16
24 692 39
354 857 79
474 623 60
130 509 66
204 835 70
329 537 27
140 739 21
153 165 50
99 419 40
8 684 67
528 771 29
170 966 112
55 677 25
72 633 39
187 572 13
161 674 38
476 517 48
626 673 30
79 624 40
100 522 54
277 930 38
86 976 20
796 883 44
224 748 21
140 396 45
202 332 50
562 915 60
630 948 31
116 424 57
141 148 27
194 748 73
111 273 44
902 977 56
85 304 70
503 994 37
12 882 63
193 782 40
234 480 24
250 460 55
78 536 37
48 888 3
139 298 37
74 292 56
38 299 28
719 806 59
23 775 15
447 706 39
438 852 49
548 710 39
153 696 62
293 560 53
448 604 52
322 485 18
554 746 18
814 858 30
429 631 77
249 879 52
459 978 48
583 773 28
330 935 42
17 914 23
302 820 64
230 672 71
402 456 58
410 532 43
570 723 20
266 562 65
125 310 48
386 587 71
665 860 58
167 506 47
176 222 66
364 641 42
89 229 55
87 941 11
74 351 73
362 936 60
57 953 57
402 851 11
179 930 46
510 834 39
39 681 28
221 925 18
366 913 17
195 820 66
417 666 42
196 780 78
792 960 15
16 923 37
161 540 36
479 756 23
73 527 22
463 699 11
59 92 51
93 374 40
242 735 40
404 552 49
137 275 4
92 108 45
301 996 60
142 361 66
448 614 45
8 970 48
275 663 42
164 527 40
347 466 37
573 699 36
2 42 60
208 789 20
218 965 48
707 821 41
820 967 85
41 187 69
161 771 39
594 966 38
757 987 66
16 384 14
765 979 57
472 885 49
31 821 55
824 976 54
381 605 77
326 969 50
139 893 36
248 792 33
73 107 41
62 663 36
340 997 20
529 580 14
346 960 36
108 157 20
47 894 50
542 638 27
247 947 65
14 168 51
832 959 53
193 838 3
11 799 72
165 603 28
163 564 45
508 890 43
236 356 54
408 490 67
938 981 15
5 328 30
126 172 42
720 783 23
318 562 12
64 674 57
129 161 29
692 780 27
148 383 25
290 643 14
37 227 51
286 554 31
89 250 48
100 918 54
259 548 27
675 803 11
71 920 55
204 812 62
535 612 58
205 897 25
89 900 22
294 398 16
342 360 62
183 606 53
23 989 25
225 240 83
864 976 52
130 935 42
323 965 23
164 875 65
24 887 38
599 731 51
502 958 49
204 434 8
220 884 11
572 964 63
16 880 45
910 950 27
199 683 57
193 939 17
4 777 50
671 946 24
531 959 43
724 808 36
18 769 63
18 191 86
308 677 62
94 723 14
424 696 26
303 689 43
465 807 37
136 635 25
410 455 69
158 215 70
29 255 62
357 463 71
155 193 27
782 924 55
79 358 31
242 258 62
118 722 50
627 778 45
761 767 46
28 869 52
48 546 50
457 861 58
309 689 18
3 60 45
233 340 30
758 909 24
20 25 64
14 415 24
239 479 66
429 658 65
558 934 50
375 893 42
178 361 51
178 775 68
371 784 50
39 500 34
336 886 61
646 949 52
35 308 44
404 898 57
225 789 85
499 856 43
186 742 62
837 857 56
395 539 53
917 956 39
449 799 18
138 177 32
15 320 57
43 270 48
177 853 57
531 791 17
214 847 48
106 519 22
335 768 51
124 751 63
334 348 54
377 804 61
400 465 18
604 949 39
412 994 57
70 324 42
215 472 30
36 60 20
779 805 48
143 820 25
351 491 52
404 527 19
124 376 14
524 979 35
872 891 40
29 252 32
141 383 30
649 810 49
774 810 46
276 382 49
408 809 23
283 361 40
372 417 20
284 771 29
621 643 66
225 291 63
451 565 63
926 997 12
743 956 4
115 592 66
63 755 53
708 952 33
192 755 46
5 781 43
341 656 61
423 707 54
296 924 30
213 826 75
57 508 46
309 880 59
24 683 34
144 489 26
162 870 48
95 908 55
563 667 53
40 427 60
216 306 17
243 271 43
402 816 56
449 980 38
446 869 61
369 573 56
643 743 52
376 667 34
181 824 23
165 433 48
831 989 73
102 975 51
252 535 52
565 725 28
662 945 12
766 922 55
185 289 34
763 843 30
330 817 14
292 712 44
528 674 32
700 767 44
677 886 63
514 607 60
587 710 55
96 934 30
280 598 75
92 624 48
393 878 58
759 898 38
440 695 46
924 951 12
424 587 43
43 743 44
490 964 48
304 737 68
31 479 51
134 490 27
48 904 55
418 745 30
293 632 37
299 782 58
202 923 53
560 746 24
323 866 44
619 892 57
571 575 12
642 944 41
653 973 79
325 875 77
265 434 65
369 395 22
56 66 29
80 935 56
436 468 59
493 658 70
568 926 45
306 984 36
249 345 54
213 366 11
289 940 30
54 675 58
248 780 38
574 659 20
316 462 42
373 508 45
586 860 51
137 713 32
723 847 7
91 867 47
435 709 52
267 385 48
224 812 65
191 330 49
65 436 46
236 432 64
598 662 30
663 905 22
544 899 53
255 610 40
180 795 47
26 806 45
81 143 66
214 526 20
29 610 50
273 716 59
360 434 50
120 816 22
49 267 62
131 825 58
155 876 46
323 877 33
397 894 49
304 550 55
105 333 47
44 315 57
78 266 33
214 723 52
217 751 31
379 499 45
653 749 63
86 520 24
431 899 29
225 609 22
335 586 50
518 981 61
378 798 24
456 759 45
812 835 54
604 646 14
41 687 62
66 251 43
122 740 10
179 890 20
525 770 49
344 700 7
344 804 64
448 795 42
3 546 61
176 577 30
195 377 37
13 848 29
392 395 9
552 583 38
68 251 50
201 833 46
376 440 8
691 738 67
208 770 40
470 998 26
185 279 43
717 812 73
254 314 17
473 825 65
486 886 60
125 906 57
305 559 39
37 344 37
2 25 18
845 940 48
399 760 49
54 351 53
443 626 49
395 906 54
271 644 26
392 683 21
95 460 56
527 564 48
399 480 8
494 816 27
521 558 19
648 740 48
486 719 17
582 952 60
75 347 63
166 502 40
120 912 68
307 937 36
669 790 52
372 488 23
182 607 45
556 658 64
277 537 19
586 665 28
89 529 28
318 536 66
251 909 26
30 257 71
393 765 49
51 238 83
376 674 39
116 410 71
298 903 30
162 847 39
9 278 68
232 839 20
213 511 42
287 377 61
429 972 40
329 641 22
688 787 64
60 257 32
19 59 52
606 649 34
320 731 50
63 223 35
551 846 52
244 289 19
680 926 38
159 959 53
244 426 24
608 995 66
121 385 49
29 937 45
813 862 44
274 373 61
106 901 10
732 740 46
173 553 54
50 551 71
325 403 71
331 898 35
144 951 48
366 854 33
405 981 52
642 819 35
319 929 40
87 870 30
164 899 37
488 666 46
127 648 47
550 705 62
6 905 50
321 593 38
545 557 61
450 590 26
349 933 70
338 558 57
135 993 14
728 867 51
571 590 29
310 953 43
137 938 18
116 645 61
174 312 35
154 790 73
512 534 47
928 977 27
8 530 35
282 927 47
327 491 59
345 814 46
635 983 55
815 827 46
753 769 40
529 533 64
223 712 35
236 534 64
133 758 72
225 407 66
467 668 56
600 618 41
508 943 58
836 897 52
114 402 32
243 898 20
89 95 30
620 671 53
681 829 53
213 704 21
694 730 59
175 778 53
104 909 81
170 594 99
40 468 34
15 561 27
579 604 57
204 428 76
224 747 59
484 774 27
134 842 52
350 785 26
198 480 45
112 651 18
757 849 44
87 159 34
705 921 55
104 191 43
381 927 40
626 988 21
211 351 64
865 959 32
457 986 44
407 911 29
842 926 65
253 602 22
582 889 21
628 676 49
49 75 15
42 718 7
327 760 34
690 891 62
184 815 32
472 668 40
541 569 51
36 133 5
376 549 48
384 880 57
727 967 34
227 982 57
383 665 44
164 404 29
199 868 56
114 711 52
619 943 39
789 864 58
283 989 55
575 668 19
148 411 36
39 389 49
324 684 7
235 581 9
321 371 44
435 932 34
448 655 34
91 672 41
402 711 22
346 699 41
265 452 55
188 937 33
795 804 42
151 802 39
178 742 16
744 755 53
89 580 23
362 519 62
533 939 55
422 481 39
285 480 40
124 771 46
27 677 57
55 336 64
479 707 44
2 34 69
151 410 50
310 780 62
249 282 55
592 609 44
226 306 66
107 552 2
545 847 53
938 986 68
51 255 63
355 620 13
277 487 66
393 921 43
521 731 57
121 246 28
74 268 55
35 797 50
77 430 34
433 802 37
917 999 66
151 433 47
65 563 50
601 961 58
111 530 69
325 918 49
52 898 28
226 709 18
102 911 44
159 865 44
159 166 43
183 833 34
186 283 36
285 803 46
400 406 34
286 560 26
397 499 52
1 897 52
932 972 42
352 418 52
210 936 34
375 569 15
129 771 30
627 867 42
56 191 53
703 778 33
158 449 54
259 587 54
346 369 30
352 554 34
49 466 63
388 866 44
84 399 46
98 862 52
104 779 39
376 834 30
352 505 34
106 110 59
481 866 33
20 745 49
103 923 57
701 735 56
688 874 35
480 625 31
331 644 23
451 943 9
134 236 17
316 402 57
202 874 31
488 891 32
319 610 47
72 798 46
204 452 70
458 821 69
632 701 17
449 686 66
553 635 47
736 910 43
384 787 42
384 923 51
569 877 20
605 608 48
351 577 44
116 433 46
287 847 52
131 799 88
201 671 41
436 563 58
707 756 39
684 922 16
500 968 44
705 737 32
38 209 38
308 574 76
426 897 37
378 841 33
96 364 15
763 807 43
208 520 43
459 916 36
474 872 33
642 719 48
194 495 38
818 858 19
392 887 16
541 549 15
821 862 18
50 178 46
50 775 36
125 395 19
150 506 82
638 680 7
814 818 19
480 760 56
244 515 43
750 755 2
268 577 41
568 629 4
59 624 11
571 942 28
198 538 39
36 817 34
342 452 58
152 650 20
277 599 52
288 313 53
592 789 56
109 112 34
340 669 35
327 328 16
40 353 49
803 903 38
162 967 40
391 559 28
109 963 25
69 767 54
211 491 63
59 269 25
248 714 51
242 293 36
117 241 53
119 867 18
753 779 46
326 717 73
609 789 66
250 1000 32
315 971 30
16 787 52
125 380 43
159 700 58
355 484 31
166 941 49
420 694 45
943 953 51
41 745 58
300 304 62
76 281 45
129 563 41
327 460 40
216 363 34
288 588 18
121 839 47
121 443 47
514 623 63
196 973 22
597 715 31
769 817 71
184 400 34
110 797 72
412 428 70
760 876 55
551 628 20
373 409 28
44 719 19
289 836 19
98 423 32
320 425 26
398 495 34
412 636 76
54 388 47
87 727 51
358 927 46
198 298 15
242 572 69
597 706 52
163 915 27
170 476 30
476 995 44
123 837 48
155 838 26
254 328 77
172 225 68
284 528 35
179 220 40
205 279 24
654 959 52
191 758 47
669 950 32
526 570 15
302 585 54
24 125 29
436 971 18
137 149 49
80 212 39
390 776 53
319 764 32
17 757 47
181 653 13
239 581 28
825 831 17
162 865 47
265 717 71
453 589 50
678 994 51
397 963 50
191 769 47
159 344 64
118 762 49
101 649 51
296 858 32
194 776 51
22 840 53
89 460 53
134 687 63
305 384 14
442 875 62
715 804 25
509 753 34
305 391 30
441 712 44
133 817 38
465 815 43
657 748 67
936 948 75
509 779 63
117 203 71
218 893 32
123 136 43
293 701 22
262 304 68
471 740 46
42 655 34
371 489 55
295 913 54
144 939 55
79 249 54
210 859 57
326 600 40
339 402 67
51 450 53
295 506 80
283 676 15
694 848 29
22 266 49
151 165 47
779 909 45
568 910 43
38 852 38
559 853 21
43 795 51
229 429 73
789 976 59
281 507 43
63 192 18
99 265 12
698 722 39
10 627 50
191 251 42
284 540 36
256 437 45
39 968 51
612 764 50
537 641 28
83 759 56
168 608 54
358 608 51
242 746 7
231 517 48
582 700 19
237 336 6
139 903 48
620 833 55
361 551 70
382 852 60
111 987 55
336 496 60
169 710 22
385 673 55
590 885 31
537 599 44
536 586 74
457 579 61
511 854 44
437 694 47
719 819 23
398 430 53
102 568 61
64 667 38
60 817 41
391 787 15
144 593 36
414 618 56
166 865 56
522 895 36
96 171 55
234 760 49
386 513 23
434 830 68
403 562 36
654 941 25
279 702 48
198 285 52
61 983 54
212 935 28
26 282 27
20 701 49
440 834 37
773 895 42
408 745 44
849 987 44
711 851 32
401 768 62
175 390 28
796 802 52
498 756 69
291 609 80
406 485 28
482 739 12
253 773 42
68 779 54
334 642 82
583 637 30
467 742 38
740 856 47
100 107 51
764 885 47
39 46 64
172 609 47
685 697 16
90 395 33
917 993 37
409 973 76
58 223 31
853 910 44
704 854 4
467 571 48
371 593 59
266 502 62
815 843 36
60 207 57
69 959 26
55 237 62
146 964 29
209 299 54
486 819 12
99 204 57
382 924 42
292 690 25
50 742 37
114 851 25
713 981 21
53 488 37
57 892 31
405 670 36
426 940 46
292 755 46
738 904 56
762 827 44
489 951 24
264 873 47
23 283 34
534 992 29
407 733 69
49 281 45
213 854 24
11 113 49
166 840 41
154 313 48
100 404 17
73 564 46
753 758 44
220 451 71
115 401 75
669 926 40
69 377 47
510 693 33
697 778 52
476 594 78
223 755 46
850 884 56
490 961 55
655 718 35
148 768 33
306 363 18
295 854 39
542 669 45
118 815 62
388 798 35
525 977 40
415 995 14
161 528 36
195 447 60
67 521 13
138 950 56
518 846 42
490 687 58
190 342 69
1 426 16
109 504 52
692 906 53
7 783 50
297 313 35
158 575 8
75 281 54
233 793 38
298 617 42
536 982 61
266 915 44
123 497 51
30 66 54
481 781 33
37 582 21
389 681 22
143 691 69
418 634 22
469 907 46
37 159 39
501 712 55
356 992 56
14 476 43
379 651 45
905 938 30
155 939 14
236 964 42
198 675 22
890 892 59
694 871 42
333 987 43
848 888 35
150 326 34
91 479 68
262 874 61
640 801 29
47 965 48
71 156 57
162 727 36
272 960 27
427 486 63
625 679 67
65 751 39
617 625 50
305 880 47
358 806 55
150 717 40
573 887 56
561 925 64
418 746 37
420 437 17
180 804 34
373 892 43
5 198 38
139 781 47
370 702 43
60 130 26
782 784 46
377 820 81
94 832 49
793 926 29
206 650 31
114 583 49
312 380 53
51 590 61
52 564 39
301 769 56
799 980 55
816 851 66
181 976 63
119 239 9
537 682 44
165 796 42
178 186 61
3 257 48
279 520 60
881 922 31
364 425 51
449 575 52
464 828 32
463 912 63
396 411 48
534 739 38
452 584 98
179 508 58
725 953 48
720 728 56
192 441 16
204 830 75
60 805 46
28 881 59
301 354 69
85 878 62
8 732 56
758 779 32
370 845 30
814 971 65
63 724 95
90 346 22
354 647 42
217 528 51
240 976 35
145 396 2
244 567 37
556 844 38
342 812 47
958 982 51
311 607 71
865 870 36
41 621 66
329 364 30
334 427 51
518 938 62
322 577 64
188 929 40
531 654 22
447 804 51
365 586 36
709 968 22
97 406 17
540 667 35
473 623 60
416 586 25
840 958 51
91 386 53
248 960 32
670 938 57
720 766 27
603 802 28
223 744 48
12 228 22
38 389 54
866 903 27
309 787 57
14 966 109
395 887 25
190 428 41
92 852 34
1 836 48
806 927 41
272 714 52
458 849 40
310 725 64
371 939 27
38 844 58
426 520 54
761 804 44
33 713 54
267 507 50
673 988 43
197 524 37
905 981 26
58 712 61
139 516 59
628 632 67
870 941 34
377 715 45
448 459 22
433 883 48
67 338 42
6 981 27
416 990 53
498 849 48
133 805 32
700 952 63
598 945 27
555 619 66
247 765 61
463 868 24
597 949 28
753 788 59
339 711 49
979 989 50
47 446 48
325 431 20
26 249 28
280 701 62
248 370 30
140 233 41
220 892 34
23 178 66
370 567 33
884 892 26
314 491 56
72 422 44
286 454 66
156 550 46
557 915 34
228 762 35
114 637 19
75 267 50
310 395 40
368 827 53
743 919 40
20 286 25
762 882 41
241 475 50
201 316 48
757 914 58
670 846 52
596 921 39
571 980 71
52 243 24
516 841 42
476 681 51
353 719 23
462 637 33
261 651 45
489 593 10
156 332 65
749 864 15
201 355 16
230 390 25
742 980 36
447 604 58
172 592 5
110 574 48
37 952 40
179 373 48
190 419 34
289 828 28
345 879 35
6 945 49
913 969 51
167 704 49
239 728 43
252 929 45
4 82 33
604 615 56
14 170 72
317 358 49
595 875 30
437 557 33
498 757 30
686 799 56
316 355 47
54 803 51
387 839 26
159 791 48
30 650 52
320 558 51
406 807 44
198 617 45
23 132 43
268 690 45
210 797 17
224 717 67
168 476 23
13 437 52
59 478 20
249 605 58
41 490 54
50 628 62
716 720 51
189 408 35
817 935 35
39 984 12
344 767 45
303 309 50
399 625 34
327 533 23
30 985 18
653 976 66
445 820 65
9 184 65
173 904 38
328 480 19
72 675 37
477 523 56
175 230 30
61 904 58
580 876 66
337 735 60
366 704 31
115 665 83
35 574 41
11 668 61
367 513 59
791 865 26
54 633 16
884 890 35
950 997 42
497 983 55
150 969 63
272 567 19
22 622 23
359 409 46
192 744 32
39 932 40
270 614 50
180 715 23
498 896 53
2 578 43
44 353 12
266 958 40
106 267 29
90 392 32
153 532 63
156 300 47
136 837 53
458 987 31
290 621 67
362 823 37
665 990 35
64 281 59
23 742 68
270 917 64
120 357 59
372 891 10
869 922 54
515 836 28
461 837 67
574 948 67
301 788 29
284 695 33
51 942 62
365 665 38
241 525 60
293 746 42
137 905 25
209 681 59
737 921 24
88 332 23
119 423 49
373 487 51
1 205 49
228 698 37
127 732 63
46 170 59
446 732 42
53 184 44
222 228 41
278 322 35
608 829 41
825 989 74
100 164 26
769 996 95
38 784 60
798 841 37
479 849 54
148 396 31
241 726 63
467 980 61
41 572 57
300 550 45
219 832 50
242 554 17
610 929 13
103 146 10
14 605 68
56 104 52
49 284 54
13 546 50
481 863 23
235 513 50
303 589 38
110 994 42
515 606 50
329 731 57
237 886 64
634 809 38
749 789 43
333 458 68
175 444 68
685 839 48
519 626 54
2 33 43
589 651 20
56 133 56
37 907 55
276 818 52
29 51 57
132 283 36
190 830 36
555 906 4
4 611 54
32 732 42
70 970 16
384 391 37
396 432 56
126 609 72
372 882 27
890 930 63
654 791 32
598 670 53
197 473 50
383 401 61
184 763 26
196 274 45
622 915 28
19 852 48
317 470 24
27 948 35
638 926 45
320 543 66
232 697 44
25 745 65
456 851 49
502 840 56
678 697 25
680 997 49
432 708 62
372 623 45
733 975 11
873 880 40
605 927 38
629 997 39
15 747 40
236 490 42
61 691 75
501 744 11
772 849 58
571 686 84
63 712 47
156 337 61
638 842 64
7 239 24
290 745 50
542 680 25
318 899 36
98 728 32
382 489 52
447 715 36
503 672 55
5 399 19
177 588 55
182 891 28
86 181 60
780 973 60
457 718 35
258 505 28
397 453 50
66 152 61
286 634 25
231 415 30
48 553 28
122 732 38
555 953 37
70 922 41
111 862 53
108 269 36
31 98 37
249 719 68
542 910 32
316 773 37
277 682 58
210 823 35
344 582 25
468 719 21
138 288 47
708 907 34
27 35 53
911 990 33
588 800 50
126 897 29
288 800 41
242 418 39
12 278 34
157 269 38
222 807 28
138 591 61
105 766 49
274 409 36
229 724 80
338 477 23
218 693 49
425 523 45
211 577 57
19 276 51
299 631 51
84 939 36
57 884 53
30 816 76
282 879 32
548 812 64
145 383 54
469 982 37
475 864 71
192 855 10
130 133 24
190 204 56
110 697 65
667 695 47
387 720 39
494 985 65
412 444 9
630 677 56
279 426 11
80 694 48
448 949 40
705 765 36
798 866 16
539 619 69
828 940 34
381 470 29
59 879 45
228 722 33
688 880 23
155 556 42
564 730 24
735 920 56
2 962 48
366 969 34
221 495 61
823 936 24
840 870 50
868 946 36
568 588 53
472 590 62
45 831 90
361 676 29
856 894 43
333 813 43
658 932 63
27 519 60
22 730 42
431 562 58
15 171 32
347 944 70
419 830 63
176 807 49
278 827 61
4 171 54
549 661 22
338 543 69
838 908 38
350 926 54
32 323 35
558 731 44
553 848 18
34 615 56
620 946 57
655 962 38
63 744 16
324 955 38
585 691 53
342 660 6
529 1000 66
78 502 58
80 271 38
711 734 71
495 748 54
656 789 56
207 374 51
223 750 45
213 913 21
327 876 32
298 675 27
386 726 71
20 418 38
400 815 40
80 553 30
311 755 39
230 835 27
389 984 40
368 763 46
279 940 45
437 915 53
914 928 42
75 106 46
42 457 31
60 206 42
749 770 45
593 951 16
282 608 38
260 851 56
429 932 64
227 961 63
308 334 78
270 597 46
146 923 63
458 498 69
194 657 57
36 779 43
227 708 4
27 267 53
373 603 65
23 596 58
201 462 49
235 386 64
403 730 44
97 465 27
83 637 35
168 681 43
237 677 39
200 386 27
540 563 24
455 475 33
377 640 9
804 999 44
92 299 63
273 821 30
321 782 30
245 784 40
183 868 30
133 330 25
222 322 13
366 439 45
338 439 54
499 963 36
385 678 31
621 907 47
493 900 75
734 985 44
276 858 34
17 896 27
488 882 9
556 838 49
374 637 56
125 346 29
213 786 59
390 503 65
549 693 29
105 862 29
66 779 53
810 946 41
510 661 48
234 533 25
576 706 49
230 710 74
657 925 60
485 807 28
281 347 11
67 639 80
168 517 28
415 608 67
133 257 44
238 929 23
131 524 67
346 887 21
643 809 31
778 994 55
436 466 43
176 211 69
27 308 42
111 813 31
749 976 47
327 399 27
268 712 50
143 219 65
414 777 57
101 833 56
95 658 33
83 374 27
316 583 12
141 739 43
114 456 54
272 845 18
210 412 48
51 945 69
216 435 28
305 874 62
175 776 59
411 482 34
102 629 62
323 894 41
132 775 43
85 132 63
416 536 63
142 742 58
698 843 16
464 515 49
567 714 57
302 570 40
320 682 53
788 996 44
204 419 79
681 984 19
124 693 48
7 10 16
500 984 40
606 620 56
88 309 54
94 847 15
674 834 42
659 994 52
34 718 39
343 704 52
589 856 40
656 896 74
455 613 35
444 659 52
316 456 24
626 685 48
24 780 65
629 910 46
473 547 71
156 737 65
143 195 60
550 737 30
380 573 24
98 783 38
791 840 53
159 941 38
465 698 18
440 751 63
42 962 58
247 979 24
528 667 6
888 904 55
398 710 36
3 93 25
129 695 34
416 768 21
785 964 39
116 153 29
258 293 40
153 802 38
71 921 55
318 915 63
150 167 61
425 521 43
463 887 54
580 1000 57
168 231 22
671 810 36
348 677 54
298 803 29
327 480 34
926 950 37
130 330 3
539 953 40
568 721 21
231 438 60
199 912 59
143 377 63
742 775 66
150 618 54
107 522 30
134 621 56
668 885 47
458 707 47
680 785 63
896 928 68
66 734 68
138 297 58
198 903 43
211 223 67
163 557 8
296 971 67
167 786 1
422 798 16
553 694 37
245 556 44
86 240 39
260 339 31
655 919 46
531 941 6
123 585 51
123 904 33
417 762 54
813 970 49
274 973 40
149 861 6
259 495 22
276 924 27
338 523 37
452 506 50
3 330 61
185 253 46
59 858 43
460 760 41
90 887 33
601 700 58
471 963 34
375 965 43
904 983 43
44 642 66
343 477 64
62 149 49
678 685 32
646 978 6
413 507 21
370 714 35
119 235 44
26 605 32
293 554 39
172 789 54
513 627 64
543 558 33
557 694 54
223 501 45
640 706 29
129 510 30
491 760 46
204 360 51
117 613 32
158 467 41
221 747 59
330 779 60
741 964 50
187 920 61
7 728 30
283 754 42
154 733 24
122 127 53
515 828 37
40 348 54
445 691 52
167 213 60
474 547 59
322 807 24
187 746 66
39 306 26
211 441 66
850 890 42
191 461 67
420 622 20
165 373 55
322 465 31
168 966 122
201 620 23
147 502 54
126 520 46
265 506 37
283 737 51
409 883 46
69 865 49
466 695 61
67 523 28
568 669 7
386 811 64
464 774 33
12 292 57
37 654 55
69 640 52
85 827 55
28 732 52
711 816 35
103 785 15
313 790 60
261 400 40
611 930 51
314 724 83
321 382 19
360 390 50
743 917 42
899 918 48
189 746 49
459 655 36
733 911 72
34 42 38
210 659 48
30 68 42
23 705 58
504 589 36
535 598 73
105 684 54
541 834 53
356 432 11
202 264 7
202 873 51
441 750 54
220 373 38
265 660 62
391 853 45
565 953 33
597 999 44
586 911 61
956 993 18
276 321 31
411 721 48
494 734 69
422 841 36
296 593 30
14 282 68
103 741 55
111 349 22
601 952 54
376 510 29
571 799 33
306 435 13
183 463 51
811 928 41
196 796 67
465 763 28
659 936 62
622 840 60
188 764 38
96 537 67
12 763 31
470 806 47
99 660 54
469 512 64
343 511 22
70 684 43
860 958 57
7 423 38
666 827 61
235 672 36
166 654 33
510 541 40
612 937 43
166 791 38
519 988 49
164 442 58
134 964 34
376 931 35
355 774 26
131 686 65
175 360 67
280 945 54
232 626 23
663 974 35
516 569 20
572 741 14
554 735 54
613 977 61
53 292 54
69 761 47
171 326 54
529 900 24
546 553 37
419 506 77
121 901 40
187 741 19
24 906 30
264 920 51
322 763 22
328 491 54
112 465 45
420 915 44
597 614 33
224 452 72
618 925 44
408 643 48
571 885 45
409 603 60
346 683 32
146 236 63
440 667 33
187 687 25
41 741 60
406 843 17
6 518 45
415 517 76
131 449 84
261 485 31
291 733 60
679 893 45
49 246 23
636 936 68
665 768 34
254 760 41
75 901 38
231 476 20
669 721 21
195 640 37
385 519 29
33 454 26
189 560 48
423 766 52
431 918 32
121 232 28
467 575 47
896 902 43
11 472 21
66 909 33
313 822 29
21 177 36
194 548 23
301 837 90
4 747 31
378 965 46
341 613 31
393 550 48
461 509 33
371 838 12
85 118 39
227 952 34
568 950 33
171 561 57
320 599 47
366 786 69
294 495 27
510 931 21
615 916 36
373 850 29
101 357 41
29 764 41
201 456 25
198 803 28
4 492 60
300 920 53
79 108 22
212 817 59
81 526 38
84 533 38
205 875 71
644 898 40
136 857 31
561 618 21
142 598 58
311 744 47
454 518 62
174 699 42
191 996 120
916 949 60
631 972 38
368 666 51
461 996 83
315 468 53
101 912 47
194 200 66
471 499 25
6 713 33
825 979 39
329 599 19
584 786 72
968 972 61
317 605 31
190 265 59
353 944 57
425 731 44
146 687 54
40 819 4
133 206 59
496 630 43
636 797 72
493 972 48
169 230 53
100 552 50
626 839 35
649 868 35
569 661 47
509 817 62
247 473 73
223 855 8
413 794 14
117 410 64
109 633 59
438 517 25
863 866 11
435 984 25
222 577 56
653 824 16
166 958 70
299 908 55
579 615 19
127 591 42
269 315 51
221 414 65
165 359 67
181 702 65
193 245 9
573 683 49
501 755 59
601 621 64
764 937 10
350 873 63
139 198 44
214 219 18
385 988 23
863 903 27
111 821 63
143 445 54
97 112 38
207 271 54
63 750 53
224 495 68
19 321 31
137 981 28
834 931 27
475 532 64
503 627 63
272 702 39
351 633 61
354 983 54
41 643 53
216 984 47
82 618 59
464 484 15
776 812 73
562 899 33
557 730 23
205 426 34
105 821 33
500 966 120
110 385 50
231 389 51
481 675 24
549 834 40
375 541 40
10 119 10
474 750 44
841 965 20
157 879 28
53 882 43
142 280 73
255 405 58
551 632 61
147 982 51
627 703 41
440 771 35
171 969 54
341 772 54
58 441 29
498 902 56
307 764 45
363 500 34
420 730 37
649 833 12
196 653 73
394 770 75
431 595 28
570 967 55
554 632 62
78 915 71
603 883 43
27 362 54
538 893 43
410 973 70
378 388 41
722 827 36
75 794 22
631 932 47
90 248 37
35 362 46
427 886 20
708 982 56
84 617 59
191 779 28
312 346 28
220 850 47
345 624 22
277 641 26
369 887 10
456 774 39
45 947 84
691 820 58
529 760 62
44 806 57
869 931 45
781 803 21
51 142 59
12 74 38
86 394 55
100 431 70
88 262 14
393 737 21
21 138 46
29 450 42
27 496 16
47 877 55
582 941 69
293 652 56
113 942 65
581 703 49
54 176 58
270 344 63
87 531 6
114 316 41
122 648 39
203 587 37
340 926 31
467 590 47
179 277 54
351 807 67
874 923 24
444 994 50
605 879 45
333 498 69
396 992 16
526 847 32
377 706 35
520 976 19
231 829 28
307 610 88
97 843 32
437 545 33
260 462 50
927 998 40
324 716 46
831 979 50
259 424 54
24 555 32
557 622 23
300 878 58
254 1000 84
479 513 60
46 984 59
214 570 33
454 745 70
240 592 18
37 708 53
621 961 19
474 514 7
769 805 51
109 589 29
373 890 49
404 544 37
123 983 22
348 819 58
469 708 22
358 381 79
525 914 51
517 681 32
147 708 18
387 423 40
869 881 24
167 969 60
204 660 13
380 699 46
6 405 40
649 912 67
47 378 50
341 455 65
174 683 12
484 828 42
245 908 33
838 939 17
129 751 41
603 930 65
6 275 51
88 689 39
95 844 27
120 494 48
538 863 47
622 730 45
182 623 21
100 544 53
778 867 60
331 564 47
285 399 43
620 810 17
340 793 12
787 853 38
3 207 13
244 836 22
107 602 44
155 160 37
643 917 54
614 999 48
637 851 31
103 350 40
206 257 20
201 649 57
52 331 17
227 469 25
395 780 57
43 135 61
119 728 36
42 578 48
751 771 52
382 593 51
88 202 55
391 689 62
63 501 11
519 901 31
896 914 46
105 716 23
274 359 10
685 988 34
487 892 54
451 953 60
199 380 30
300 337 42
669 910 47
140 482 18
86 426 48
205 289 18
962 993 54
489 924 13
464 895 19
78 840 48
138 559 38
656 770 38
353 806 46
96 599 23
141 411 20
153 433 26
614 949 14
86 653 67
86 592 57
141 145 49
390 412 65
808 1000 21
44 944 48
561 600 24
245 371 15
297 933 61
53 417 53
232 443 27
300 921 52
311 750 40
442 562 63
30 494 75
410 475 75
365 990 63
652 701 44
163 256 9
157 358 35
354 497 31
180 447 18
21 933 51
222 698 40
707 728 40
101 671 55
727 941 41
141 586 47
291 990 57
552 759 20
449 742 57
32 648 58
432 469 43
268 750 56
349 849 70
336 427 69
340 411 29
394 749 31
821 955 53
140 997 35
276 951 15
61 647 29
174 395 27
174 369 11
188 307 47
363 631 64
205 515 53
568 997 42
215 885 75
209 658 43
424 726 49
638 997 56
669 800 25
533 625 46
19 858 51
541 893 59
527 918 73
160 679 49
60 133 19
108 624 19
34 986 36
171 600 40
663 713 64
770 789 23
503 685 48
129 540 23
419 428 69
849 896 65
713 974 37
6 663 69
182 514 51
613 645 65
877 965 11
55 348 53
288 822 43
201 810 19
1 126 50
568 790 48
59 345 12
721 739 45
52 73 32
276 489 37
26 470 55
72 351 71
468 642 64
102 401 59
503 678 58
183 339 57
16 391 44
601 907 60
737 765 47
701 846 55
1 845 43
325 595 48
143 967 61
141 416 45
370 780 61
576 949 44
668 799 28
530 957 55
229 250 36
146 873 50
841 877 28
71 754 60
231 995 39
295 326 60
131 831 47
276 296 5
654 865 33
179 884 50
683 699 45
716 821 51
394 824 18
716 862 52
185 464 35
420 545 48
559 736 57
334 336 29
273 333 20
304 921 61
539 906 2
117 532 45
458 811 57
338 521 39
281 466 37
235 703 50
365 860 21
635 904 54
36 650 63
47 648 34
368 882 43
430 657 13
201 774 41
581 672 43
155 245 26
288 297 22
664 910 65
744 750 53
966 995 91
463 573 35
238 319 61
193 784 49
254 327 73
43 459 39
707 987 52
640 761 13
347 507 53
455 532 41
84 679 68
284 667 41
522 602 18
71 735 49
331 730 58
58 211 37
16 688 23
98 707 38
244 702 37
600 611 50
601 743 58
624 818 26
697 839 39
499 504 43
722 763 40
871 888 29
283 596 26
75 507 11
656 914 35
110 659 38
882 947 71
106 988 43
594 995 57
241 772 57
199 699 41
661 869 35
385 626 25
50 676 36
661 693 38
200 367 66
182 474 47
310 619 70
84 160 24
653 864 51
414 433 55
419 434 73
228 815 45
421 447 40
191 817 56
230 548 75
352 560 48
307 612 46
220 508 19
376 528 38
650 985 64
165 409 39
167 366 70
716 922 37
109 453 40
343 913 21
158 885 39
246 483 46
49 347 55
507 901 45
541 693 28
806 998 43
96 682 36
524 825 26
585 647 77
729 731 19
344 889 38
325 442 22
367 811 36
116 532 46
337 920 15
77 433 62
772 914 52
237 334 34
32 856 53
180 576 26
124 540 41
157 282 55
767 959 42
620 774 30
140 992 30
75 121 41
70 273 36
289 426 23
247 989 49
417 473 67
348 886 10
663 938 50
169 200 61
68 909 47
394 864 20
26 157 39
138 664 65
41 408 14
412 797 54
58 855 36
687 964 42
309 752 22
774 895 22
360 859 50
406 698 32
482 997 18
182 872 14
58 724 88
802 883 16
57 943 14
130 805 27
314 760 56
952 961 41
482 669 44
57 619 38
842 964 34
631 658 30
391 688 52
128 825 46
12 184 35
152 257 19
221 224 13
158 668 26
503 697 60
352 632 30
51 467 65
335 401 13
588 822 54
542 926 39
657 696 49
46 216 57
761 801 18
164 562 63
278 400 22
573 912 65
8 957 30
130 212 61
260 671 43
441 724 88
566 753 87
118 368 61
97 109 41
79 879 13
527 899 51
922 955 29
10 239 13
178 467 47
49 901 53
174 199 62
826 913 55
349 757 54
151 603 65
304 332 59
182 547 41
413 901 36
273 955 56
361 596 60
355 810 23
241 341 36
318 958 65
947 979 45
132 186 49
580 900 10
878 921 50
47 732 17
85 737 49
168 829 17
251 753 48
25 655 68
67 934 65
384 680 49
16 680 54
332 752 60
388 422 48
439 511 22
115 789 83
712 744 50
474 712 53
18 566 30
469 502 42
223 441 11
439 826 33
315 814 36
89 658 47
525 772 56
441 855 8
846 945 55
229 580 47
262 880 59
124 549 37
127 177 45
599 641 29
180 421 35
96 641 49
517 984 50
144 679 40
217 284 44
122 397 32
121 507 52
31 239 41
497 837 59
387 483 44
208 749 36
363 709 41
294 710 51
230 503 66
696 726 63
1 244 29
255 319 76
108 814 52
55 347 47
126 279 38
229 808 45
115 291 61
472 571 48
755 855 48
61 123 35
582 959 61
406 763 44
825 947 65
114 462 33
273 813 32
405 662 29
282 470 64
231 594 86
177 391 66
26 317 42
40 944 14
585 904 39
186 361 36
70 862 44
483 720 47
443 720 45
461 566 76
68 985 59
162 545 36
751 971 63
147 907 32
30 152 60
184 368 24
86 208 58
618 747 20
376 540 37
524 765 65
147 432 45
308 336 53
245 838 7
145 416 43
475 645 68
208 824 74
528 540 32
782 852 49
185 828 19
20 554 46
385 697 41
567 960 44
797 936 32
168 389 29
58 577 68
539 555 4
9 379 67
457 615 57
57 616 63
57 220 63
358 605 31
259 657 41
149 275 51
684 716 52
213 343 38
652 754 59
19 782 34
258 352 54
105 922 40
136 173 52
280 518 65
819 944 15
505 554 45
163 437 37
642 886 36
137 986 57
597 795 35
323 516 52
68 650 54
356 982 60
513 581 53
90 369 40
256 730 19
616 892 36
198 781 9
83 644 50
515 940 20
497 857 69
732 965 57
2 457 51
234 328 10
291 401 29
74 577 43
303 499 30
492 925 43
439 477 51
117 726 78
92 879 61
369 380 40
42 459 48
280 628 47
58 268 52
266 536 69
281 284 62
602 895 21
772 977 18
20 352 48
377 801 36
440 510 29
53 690 29
673 685 50
21 263 60
329 930 57
548 748 54
145 411 47
169 548 38
66 68 17
62 275 9
539 692 51
430 492 62
313 733 62
350 964 53
152 909 81
322 400 20
326 561 27
589 963 18
126 592 40
40 886 53
312 606 54
110 678 40
499 589 25
343 366 30
333 756 60
77 116 62
298 538 25
695 751 42
450 571 53
182 417 54
739 793 12
341 770 69
157 249 43
181 394 39
619 725 43
4 414 67
50 980 62
767 801 35
150 224 57
333 862 18
104 650 56
267 413 55
64 413 47
14 231 30
460 580 41
196 359 37
274 883 54
784 908 23
675 903 44
150 295 58
92 438 47
74 485 38
229 529 60
181 864 58
107 583 37
518 945 70
876 908 51
129 693 55
638 950 40
426 567 51
240 279 61
137 974 7
178 980 20
267 519 26
73 331 48
669 793 44
94 545 39
93 207 13
73 164 56
451 508 53
483 674 41
258 337 69
435 968 38
29 929 37
424 532 70
21 288 51
292 750 46
132 737 18
668 686 76
485 698 18
240 426 57
312 868 39
565 943 55
305 923 46
503 703 53
404 595 74
521 934 67
308 496 31
384 688 35
619 953 30
408 741 69
61 354 67
7 867 25
593 924 9
566 769 88
305 853 44
147 356 52
591 787 47
188 238 59
98 720 51
198 481 40
84 155 34
203 645 52
278 465 36
84 234 34
663 981 48
118 666 54
202 337 53
205 828 22
21 530 68
103 572 67
6 670 19
773 774 30
132 921 30
514 872 37
463 946 57
280 662 62
253 774 20
384 853 34
666 762 39
911 975 63
269 345 31
445 585 54
127 263 48
168 438 44
144 924 36
118 304 65
614 978 37
86 864 67
74 807 23
492 618 47
136 888 36
626 901 37
678 988 19
63 441 32
795 999 11
582 767 43
32 453 54
367 977 49
213 969 34
649 946 18
434 660 18
604 916 27
547 623 28
88 379 59
394 653 33
392 539 55
14 608 48
722 762 36
907 952 16
154 896 55
26 998 70
294 726 52
125 392 12
191 788 85
178 799 64
411 992 41
79 608 50
17 772 70
149 938 63
624 858 36
542 736 14
645 696 36
6 938 38
129 376 29
596 775 47
365 416 35
444 797 53
25 33 50
577 807 52
24 395 25
279 897 28
221 492 61
697 988 19
424 430 33
56 758 32
258 920 71
151 532 55
29 612 48
87 959 47
222 400 31
454 578 60
32 378 27
203 613 61
79 157 19
123 354 62
647 904 76
222 278 41
102 154 67
121 413 32
608 879 41
450 764 50
540 751 48
264 923 51
306 681 53
556 939 51
293 352 14
138 910 33
453 963 32
68 152 47
199 312 54
575 799 45
31 423 42
91 581 18
148 233 44
115 609 22
452 717 32
16 638 48
28 47 56
441 744 47
242 352 38
547 607 5
189 741 41
667 771 32
74 322 23
313 975 68
462 816 69
59 814 41
191 909 67
449 467 58
112 303 48
344 917 51
218 541 45
341 367 68
555 692 52
173 857 52
156 878 16
626 697 33
550 878 45
506 786 48
834 881 56
45 607 66
219 526 10
249 358 37
974 981 31
134 356 67
533 760 53
117 645 49
120 711 54
161 376 3
708 961 60
418 554 24
575 590 18
415 966 88
3 935 50
473 607 73
145 356 58
125 887 9
147 227 22
373 616 9
48 635 21
287 967 11
629 739 44
283 775 21
252 307 45
69 727 22
274 725 62
248 272 39
91 119 53
391 591 57
181 370 60
195 706 25
839 988 45
286 418 14
584 704 96
200 710 48
336 630 34
260 711 40
79 92 53
107 404 50
66 758 50
543 731 28
671 833 8
811 977 53
275 981 25
236 512 50
518 713 48
314 441 82
15 600 10
373 884 42
181 749 69
250 900 26
222 763 30
258 954 16
121 483 38
364 682 22
423 783 16
98 766 48
278 815 30
576 715 46
689 752 5
50 361 7
298 781 12
284 347 68
542 588 52
12 690 36
225 665 82
179 616 54
369 555 60
201 484 44
506 584 50
124 931 27
409 850 44
530 813 44
49 507 13
699 868 32
60 152 38
286 746 47
45 473 64
919 956 42
631 844 39
514 750 49
132 393 34
109 499 54
42 615 31
828 836 22
540 771 7
450 937 59
131 197 91
190 859 45
302 526 26
214 585 57
190 660 64
91 627 30
291 975 50
83 93 46
770 864 58
19 478 41
39 170 43
252 937 25
37 889 2
284 563 32
294 696 54
583 759 20
421 614 10
68 734 52
258 754 51
563 771 22
343 854 52
484 602 41
759 774 46
186 775 15
45 197 91
160 371 49
438 829 32
128 247 62
716 766 27
641 930 35
832 847 47
326 618 41
378 866 39
342 390 69
63 311 58
270 804 45
695 771 16
448 916 55
584 854 95
318 431 57
459 579 40
244 845 39
81 302 50
193 371 11
389 476 46
385 901 25
258 735 27
46 306 64
783 991 56
479 987 48
273 970 51
253 895 4
289 515 46
765 989 16
121 626 34
217 563 15
143 302 53
398 726 49
508 884 8
95 900 51
220 487 21
186 989 27
11 215 43
54 866 60
89 808 92
440 528 36
606 833 33
684 869 47
388 894 36
303 471 55
39 363 22
45 547 68
319 535 49
264 880 46
736 926 42
359 796 35
165 850 48
127 957 28
28 648 59
210 574 49
240 520 17
133 779 41
122 471 55
112 379 45
163 622 21
767 804 44
128 831 34
82 600 29
511 913 22
179 537 71
781 863 47
245 382 41
278 762 46
667 991 50
228 368 22
546 644 60
89 493 70
208 240 44
412 859 54
233 482 38
310 369 49
383 860 59
574 936 51
76 819 60
172 520 30
404 918 62
706 761 37
246 413 10
48 935 56
94 219 45
400 698 10
145 148 30
511 704 46
95 580 48
211 254 41
743 962 41
551 652 30
15 777 63
345 818 37
85 921 67
229 1000 36
280 846 23
103 687 49
331 552 60
699 887 45
313 664 32
599 682 22
29 535 30
308 630 22
11 571 67
70 813 37
740 957 59
36 191 41
725 780 37
192 750 45
844 908 49
439 523 54
269 814 16
78 562 64
403 544 22
255 535 33
651 963 31
199 463 38
204 390 70
52 374 50
293 954 55
682 729 54
70 333 56
365 383 49
394 976 45
414 430 58
322 698 29
70 530 48
401 990 30
254 351 77
254 724 93
92 478 31
502 982 36
335 911 14
121 387 49
173 871 31
102 733 56
122 591 54
26 358 11
230 776 31
60 650 51
220 943 76
519 678 49
541 931 29
174 573 54
18 788 19
136 647 86
91 513 38
258 701 56
587 696 62
527 544 18
606 671 39
336 948 61
546 848 53
754 921 60
421 978 47
151 153 24
286 352 51
99 506 48
531 865 14
140 145 45
405 945 39
41 634 56
702 845 24
430 748 73
194 259 16
210 636 56
822 910 72
290 634 55
210 428 63
95 529 44
435 681 41
635 837 63
71 954 22
62 905 22
308 823 72
188 610 45
454 962 65
456 773 42
241 367 45
488 762 44
578 718 53
735 746 44
692 953 58
635 857 55
248 395 45
429 968 62
410 883 71
768 860 51
219 723 35
739 926 37
62 981 30
32 47 26
9 815 40
82 320 56
783 839 55
288 910 32
200 513 49
673 697 40
82 171 54
50 283 47
210 830 69
549 931 14
576 614 38
65 217 49
98 716 42
290 809 18
730 915 46
500 932 55
217 540 20
53 762 46
334 677 64
349 813 52
469 961 67
572 746 64
230 360 74
35 630 64
811 902 57
786 854 50
57 565 52
714 824 49
360 830 70
484 620 22
360 444 34
274 796 25
215 668 46
389 438 35
111 933 61
81 445 50
233 411 13
938 974 23
128 686 73
271 374 48
264 337 52
193 382 40
105 324 48
323 422 38
217 771 23
449 668 39
793 992 47
8 127 52
468 486 32
299 844 45
117 341 60
32 965 46
104 152 38
132 550 38
14 594 75
733 896 60
858 951 48
187 964 66
498 987 46
93 206 51
242 701 51
136 497 89
902 914 41
748 925 39
664 933 46
857 983 29
659 823 41
290 993 43
311 872 44
682 731 36
16 873 53
185 836 38
330 805 24
505 954 40
90 174 34
3 130 58
59 818 29
798 863 25
462 851 13
15 611 56
48 857 61
219 445 25
379 752 42
154 498 68
700 804 67
409 796 12
90 960 17
400 485 12
226 658 71
266 622 63
298 863 46
322 690 60
555 725 71
215 686 38
528 563 49
348 427 30
36 130 20
211 314 30
601 956 55
526 738 22
723 832 53
12 322 32
520 789 62
486 642 32
56 909 31
126 426 42
721 790 35
235 239 36
67 477 65
219 847 31
602 774 21
56 68 31
81 847 28
195 715 54
124 161 16
309 379 58
361 742 43
258 300 48
431 875 57
370 653 72
285 781 52
324 869 49
315 436 36
388 633 39
3 212 35
974 986 58
441 501 42
156 393 71
264 332 56
381 806 38
180 761 56
140 534 18
140 411 32
560 809 62
425 543 49
478 624 18
656 772 72
602 773 24
540 695 16
97 698 44
80 888 47
408 418 54
383 411 48
487 884 29
447 597 27
173 570 54
163 730 25
446 684 63
494 711 9
554 560 15
616 943 77
355 522 46
125 174 11
364 611 54
432 992 59
63 855 28
81 219 30
880 923 25
4 561 16
448 999 44
103 134 65
279 289 17
294 548 52
571 668 9
345 478 26
154 822 75
341 914 70
45 623 82
237 496 55
841 894 49
43 919 52
560 634 33
83 583 48
90 125 38
683 887 12
312 683 41
88 264 61
476 966 100
653 714 38
599 934 34
124 129 25
99 342 59
194 398 28
552 602 44
364 934 23
687 785 63
234 399 19
11 158 76
333 349 55
309 499 57
881 970 59
590 942 2
453 894 33
736 950 27
65 296 51
318 544 59
448 718 57
811 849 48
738 847 48
75 413 10
446 648 48
340 534 43
482 992 47
41 809 34
253 484 23
456 583 30
277 890 60
146 842 26
40 76 58
676 754 38
421 646 49
18 509 69
380 463 50
213 295 34
110 519 42
266 840 20
254 460 77
543 682 63
133 152 42
118 393 64
227 889 51
249 806 22
431 442 14
101 816 46
658 900 68
731 934 20
754 954 52
464 602 39
765 775 37
595 899 51
538 803 48
421 448 47
580 658 70
134 512 65
310 692 37
104 817 43
466 971 55
235 867 36
792 887 36
184 698 32
217 440 46
396 512 49
454 919 62
605 998 77
112 406 31
732 957 41
501 855 38
116 696 34
263 957 41
335 383 49
305 688 27
922 970 37
80 871 54
25 578 60
150 786 61
380 887 44
12 53 22
36 104 10
72 388 45
719 944 36
73 544 30
518 632 63
369 683 7
459 718 43
434 812 69
582 654 55
67 729 33
477 521 61
249 353 49
170 517 35
770 914 72
117 455 15
485 763 21
429 493 11
861 938 67
332 880 66
56 251 20
161 440 7
271 331 32
81 570 32
95 556 45
11 575 69
570 847 18
532 696 49
208 592 45
55 281 53
592 976 49
873 923 19
607 891 68
183 260 47
715 767 57
139 625 60
193 489 62
194 294 39
23 361 40
197 989 60
104 257 41
714 780 63
115 172 69
58 254 72
678 901 56
65 971 29
250 580 27
221 748 24
238 535 37
129 217 29
174 463 52
121 794 27
48 173 49
289 702 52
28 965 41
312 573 48
590 668 36
15 618 46
53 891 58
705 989 48
218 877 42
283 628 60
150 221 65
518 670 47
16 874 56
149 974 49
292 577 58
367 772 43
606 810 44
567 940 45
279 828 42
228 882 60
231 608 47
30 734 34
716 783 55
671 868 51
629 950 33
283 765 48
503 778 22
569 841 36
44 468 15
757 928 64
423 728 18
77 414 24
100 602 50
33 938 67
78 958 13
150 452 68
455 645 36
159 654 17
471 856 23
99 452 58
315 818 48
214 691 58
88 880 53
514 547 59
20 518 65
662 846 59
173 585 54
941 959 37
160 838 43
238 612 57
301 461 37
70 263 60
148 992 38
710 776 45
745 809 34
356 512 13
54 863 52
442 899 38
11 885 57
375 516 15
21 297 42
226 435 69
584 717 96
200 726 53
537 934 69
317 998 49
397 740 24
128 131 14
135 290 53
633 863 58
103 187 64
772 928 15
237 948 56
470 605 53
538 781 36
58 314 57
74 690 51
509 566 96
188 255 76
265 584 59
101 183 38
244 828 41
372 947 75
19 951 54
956 962 44
256 564 36
295 786 33
104 130 28
530 933 36
632 846 39
369 539 56
119 627 56
797 823 22
521 639 74
759 773 18
250 314 84
616 890 53
200 398 62
282 358 22
409 802 51
22 256 24
628 652 37
546 888 50
520 824 72
23 50 44
329 682 22
97 261 6
55 334 81
197 247 26
615 655 40
554 634 45
443 839 20
65 695 54
7 703 47
158 472 58
107 759 18
96 731 49
128 979 83
343 639 54
64 466 55
544 564 32
96 329 42
603 850 45
152 206 38
480 533 48
400 763 11
83 243 51
480 491 51
849 902 31
80 848 45
142 945 66
237 308 48
267 496 63
104 133 5
340 739 8
189 242 55
712 755 12
428 434 69
17 849 74
177 787 52
82 611 22
112 963 48
50 186 39
98 105 42
76 886 56
188 535 51
104 758 70
8 263 27
389 517 11
578 861 53
10 31 48
154 349 70
246 507 28
309 391 46
465 485 14
398 424 42
522 759 23
693 931 38
217 971 60
191 509 36
548 776 47
296 321 36
545 723 52
672 778 40
477 558 79
259 294 26
251 779 21
317 806 55
103 873 43
328 533 32
81 162 37
280 632 46
48 136 35
203 455 60
120 985 75
678 778 59
190 434 50
55 496 64
338 343 63
472 686 67
188 319 8
174 380 43
178 449 47
74 222 14
611 777 30
394 520 64
342 835 62
222 485 30
523 639 65
126 289 54
113 885 36
33 578 60
84 328 43
486 944 27
188 612 14
219 967 49
267 901 33
296 818 50
456 462 39
228 278 19
128 449 81
72 866 37
98 955 49
207 257 56
335 990 20
377 767 62
415 476 32
474 744 59
394 714 64
299 556 51
756 987 27
294 430 38
440 674 43
120 260 47
459 615 26
393 989 63
423 720 38
197 825 34
753 805 55
102 291 67
664 822 8
245 939 20
361 980 66
132 765 35
768 990 33
773 898 52
112 589 37
516 877 38
363 984 34
228 400 35
448 615 45
10 581 35
355 464 45
103 842 35
516 965 43
305 787 39
397 471 27
17 733 75
229 900 38
536 958 34
10 703 38
525 928 60
170 389 28
452 660 58
229 493 64
136 871 55
5 234 36
321 924 30
481 803 14
400 843 21
246 794 5
140 512 63
499 752 56
2 718 67
300 954 32
138 853 35
407 665 65
684 881 26
318 403 47
250 724 79
17 902 45
73 100 42
32 894 25
120 402 75
269 818 11
155 533 43
461 769 21
414 925 48
756 821 60
885 937 56
638 736 14
184 278 13
242 505 35
135 601 38
520 749 62
597 801 53
586 768 6
319 612 22
13 420 50
802 850 58
143 214 56
462 711 37
527 898 56
389 829 34
323 378 25
253 464 18
301 566 51
152 985 75
78 860 61
612 929 42
392 792 32
142 551 61
882 891 36
268 855 60
495 710 57
433 492 62
418 809 56
113 450 55
29 238 59
297 664 15
579 655 59
108 879 35
125 312 45
228 690 55
395 792 33
93 644 41
19 382 33
369 906 57
769 788 52
205 244 36
79 478 33
286 745 30
352 652 56
62 986 59
211 268 66
294 657 28
151 796 70
321 951 27
453 471 51
136 904 32
478 852 62
64 528 33
152 734 38
355 895 44
516 538 48
401 975 65
505 746 40
262 264 57
5 480 13
723 738 48
243 644 21
84 876 50
325 899 20
