1000 5754
309 829 32
28 779 55
364 946 66
103 136 49
843 851 25
588 1000 19
728 729 51
132 624 63
319 529 53
355 579 63
598 981 53
308 339 33
937 940 32
833 884 23
298 342 57
162 726 72
576 741 46
38 342 54
246 745 23
201 578 64
112 340 20
694 947 45
470 709 46
5 216 50
754 904 35
156 363 64
77 119 51
240 916 41
284 541 39
186 512 31
304 725 33
53 299 53
95 712 50
212 261 11
752 872 31
425 673 31
177 265 25
769 821 42
518 677 41
460 825 21
402 878 53
466 752 57
602 928 63
436 775 33
6 141 41
300 616 54
356 990 34
586 766 28
411 627 24
468 995 78
33 813 50
620 864 58
328 748 56
821 891 47
11 833 34
189 268 31
223 615 62
462 947 52
375 581 25
98 125 82
253 994 22
141 699 37
602 880 35
766 777 28
127 584 75
530 687 63
6 538 40
472 682 30
377 820 48
246 457 9
928 951 68
85 532 63
183 868 17
88 785 36
99 366 46
182 419 22
34 636 23
121 784 56
477 572 45
412 500 63
396 828 61
281 345 47
103 211 49
69 847 18
493 925 55
223 956 58
390 815 18
499 696 29
615 994 47
748 979 53
4 517 60
55 69 58
223 528 25
728 739 70
209 572 52
560 614 47
561 727 42
297 792 79
314 896 28
301 619 92
93 469 67
357 769 41
65 947 28
245 280 69
283 480 17
305 699 49
155 610 50
549 947 17
670 953 64
185 920 52
346 470 57
154 671 33
27 106 30
820 927 62
808 903 51
292 960 31
293 396 43
370 449 61
440 737 73
681 709 41
718 824 56
779 838 55
153 385 32
352 395 26
50 650 41
219 507 51
407 850 5
75 594 51
92 161 24
467 536 47
244 791 42
752 810 26
776 946 58
173 883 78
699 901 19
100 873 75
320 583 48
545 743 64
241 610 29
25 127 47
114 840 31
265 475 12
380 500 46
330 626 58
275 307 38
324 882 49
275 709 18
647 792 76
12 916 27
483 909 72
29 268 48
108 791 32
342 761 62
14 761 62
170 504 63
95 125 28
743 870 73
246 492 45
242 766 27
239 630 50
441 792 63
649 719 16
20 332 2
309 378 28
492 639 39
584 750 64
432 631 44
97 776 52
773 809 54
312 982 59
180 193 23
428 439 54
279 895 47
180 895 66
598 697 41
220 805 30
833 937 47
186 537 10
644 825 18
153 679 50
105 919 40
233 239 48
78 616 42
93 513 71
117 784 62
384 873 56
461 860 5
289 791 34
463 690 36
767 958 53
128 321 63
83 911 46
766 899 35
284 815 25
232 845 39
326 611 53
180 698 36
232 720 44
130 987 62
194 316 37
616 953 21
15 804 55
405 618 70
338 431 46
89 360 22
54 682 36
478 733 38
475 603 48
135 619 45
488 942 51
90 811 23
137 189 24
191 831 91
659 787 21
466 872 27
337 775 44
175 429 44
434 607 33
42 338 56
148 367 21
34 838 36
155 801 36
213 308 21
552 569 49
167 363 57
569 704 65
36 174 47
422 592 43
249 299 10
318 597 67
180 879 43
284 851 58
99 214 32
144 582 18
145 362 39
132 840 66
148 808 6
600 620 63
40 268 60
722 993 52
646 897 15
301 435 69
114 423 40
802 916 38
117 632 30
28 190 51
271 336 48
129 691 39
169 674 44
36 883 89
468 669 31
657 807 55
708 774 9
697 793 65
262 847 48
130 535 61
417 472 63
951 976 59
342 961 16
304 356 19
11 740 50
30 118 37
185 685 40
676 714 16
105 359 51
570 791 67
156 401 37
86 336 33
829 866 49
788 879 49
761 944 63
246 359 55
96 638 38
117 974 49
386 424 47
100 384 62
22 131 50
305 574 43
158 759 15
79 254 48
354 458 42
282 597 42
397 984 27
35 311 66
25 618 31
703 960 51
176 614 48
244 875 25
359 639 48
236 495 43
827 933 37
4 834 11
37 39 49
194 336 47
427 431 41
184 523 64
436 761 58
461 519 22
86 226 49
426 841 36
324 621 34
90 656 32
147 300 55
250 855 14
410 945 33
195 979 42
285 892 54
184 763 59
537 764 14
45 797 44
669 752 58
8 599 31
774 785 50
390 631 50
360 823 27
878 993 26
41 564 53
977 1000 44
569 865 51
537 727 24
382 487 26
77 109 49
593 669 81
387 849 23
660 688 56
94 796 53
594 799 16
315 525 33
13 572 44
478 563 58
299 885 43
471 637 78
49 439 54
734 835 10
845 889 23
255 585 53
176 777 14
191 619 50
67 619 22
49 652 54
239 371 57
376 668 54
360 674 38
95 818 78
527 779 58
667 926 28
673 848 6
251 276 64
178 348 50
31 862 39
276 992 65
47 902 29
424 697 57
234 971 40
422 540 18
547 870 69
93 749 44
460 644 29
339 741 43
375 658 49
768 851 41
502 812 16
737 946 61
130 370 25
241 566 41
322 329 38
806 897 10
354 847 44
108 772 47
5 440 66
529 875 36
117 520 55
395 560 50
220 299 52
344 379 66
643 870 59
472 573 49
385 925 73
228 450 36
51 906 38
233 990 39
192 833 29
338 755 51
197 952 39
130 430 25
469 470 54
42 563 42
396 490 72
180 237 57
43 118 66
671 804 59
352 560 29
624 642 36
639 693 67
155 184 56
124 908 55
488 740 40
10 802 52
153 618 31
697 932 35
694 802 45
135 831 24
29 317 48
600 834 48
10 688 44
660 668 48
707 728 23
62 970 40
317 479 53
18 898 52
494 911 41
234 977 35
224 310 60
105 915 16
384 911 29
283 514 34
461 900 24
20 165 54
688 994 37
382 416 29
243 982 49
182 221 52
428 835 34
672 814 39
358 424 69
190 375 41
250 829 42
359 904 36
157 409 53
701 938 69
226 619 34
1 78 30
868 902 26
250 327 60
210 242 44
187 306 10
303 829 59
262 828 37
167 908 77
92 986 45
567 644 18
262 326 55
163 219 35
348 888 50
604 860 58
152 489 37
76 87 44
486 677 52
217 608 43
130 941 54
700 862 60
423 696 37
120 331 54
589 943 29
119 712 42
8 892 54
201 440 55
370 545 43
109 232 10
134 236 34
209 477 48
476 786 45
227 859 59
32 351 22
193 237 63
387 704 49
264 661 28
482 882 38
510 797 8
487 898 41
581 779 42
478 881 30
342 944 40
402 922 48
845 974 16
227 431 39
577 962 50
123 955 53
507 508 42
683 924 25
361 892 39
449 535 48
231 713 43
767 950 16
163 853 37
339 576 6
352 555 19
631 710 25
461 734 33
471 945 62
397 921 43
651 932 75
794 830 32
66 116 63
345 891 43
665 727 62
88 708 24
1 463 58
902 926 24
596 826 55
593 655 64
647 755 77
16 557 49
649 826 12
11 128 35
172 771 55
661 986 42
30 283 27
47 868 20
437 623 48
122 471 43
182 403 3
300 497 54
512 531 37
48 140 56
209 605 33
249 764 35
55 415 41
266 675 47
271 619 56
195 940 48
208 460 35
193 879 40
282 901 26
169 558 47
171 369 24
855 992 60
509 687 60
221 277 47
100 911 37
570 869 44
207 977 69
366 805 27
678 803 31
181 526 55
389 453 8
310 843 41
440 839 33
223 688 60
375 849 33
83 627 49
222 475 8
138 585 63
614 899 44
727 885 38
326 828 42
555 931 17
150 926 14
261 819 29
284 606 27
665 764 37
164 206 50
127 153 45
561 665 41
632 974 19
196 266 56
157 479 55
804 991 40
594 990 46
148 264 59
573 682 53
206 844 57
115 572 51
123 949 51
734 966 53
172 242 63
24 83 77
65 534 39
649 857 37
127 312 51
259 441 34
146 350 47
52 587 38
239 594 39
358 509 62
14 436 69
724 742 68
264 814 45
680 852 31
704 877 30
364 913 29
140 680 58
177 221 12
202 795 65
300 905 29
534 549 37
250 309 19
360 467 35
17 591 42
210 555 22
593 752 52
623 827 29
436 497 18
448 773 21
420 695 30
404 816 24
263 993 33
493 988 34
75 239 16
231 654 39
239 871 50
196 692 28
26 702 51
360 714 46
47 72 33
497 744 52
771 981 75
202 377 36
12 240 45
21 488 12
117 845 34
429 691 52
110 185 59
337 436 19
26 411 23
59 112 29
442 663 62
153 198 52
656 729 51
459 686 22
903 952 7
29 318 62
584 938 66
382 995 71
9 504 15
230 555 46
111 629 43
156 628 47
483 908 13
166 347 15
68 372 40
868 976 34
700 828 64
46 152 42
129 371 51
619 958 58
645 805 42
59 545 45
102 762 10
328 969 20
419 603 28
204 413 40
9 108 28
609 641 51
429 535 60
509 932 53
257 436 4
629 698 34
394 715 71
68 751 49
475 568 29
424 522 72
33 904 25
114 531 74
177 222 13
368 897 68
265 603 56
46 649 43
709 929 28
753 816 26
67 958 42
159 546 26
220 885 44
223 455 24
606 843 55
119 259 58
758 774 35
101 821 26
709 827 30
138 954 31
151 933 44
505 689 27
225 273 17
668 688 37
765 961 28
573 920 6
120 603 73
796 926 63
605 748 60
228 819 43
110 426 42
431 701 52
382 443 68
154 290 37
434 843 52
215 964 45
479 894 65
214 645 32
673 913 42
113 644 37
285 912 50
180 425 16
306 590 24
856 966 23
706 849 6
571 746 51
545 648 38
292 708 41
541 815 18
307 924 52
133 714 50
921 984 18
43 642 68
347 720 25
72 902 23
159 393 15
165 336 59
229 908 74
52 268 56
133 346 41
127 385 34
551 552 69
90 817 64
122 637 54
89 592 39
581 838 37
380 811 48
519 900 9
696 840 67
582 756 52
480 514 32
559 726 67
478 859 73
369 496 22
339 707 49
184 241 34
521 691 48
64 218 44
622 706 38
27 225 53
278 882 50
409 685 24
716 750 64
494 893 53
133 558 58
832 863 36
213 339 48
51 659 44
209 969 42
36 702 62
113 353 62
132 514 48
456 975 60
510 998 55
642 840 49
198 405 26
10 240 47
393 546 40
312 365 28
408 636 10
373 960 29
281 547 53
477 927 64
108 918 64
361 571 41
520 720 54
149 951 11
591 611 44
219 705 33
21 979 33
176 269 58
315 340 33
615 688 27
499 915 59
793 876 36
706 972 47
261 790 56
50 906 41
155 493 10
30 642 54
373 948 45
535 691 68
448 809 67
67 191 72
401 867 47
271 332 43
173 616 37
244 529 15
519 734 55
230 586 18
133 469 45
274 652 49
203 882 56
622 704 34
615 798 33
646 806 24
293 326 34
288 982 57
736 923 31
65 665 55
584 647 27
607 943 44
283 638 50
352 372 65
347 520 32
266 384 49
558 937 52
120 928 35
5 248 63
270 906 35
319 791 46
328 914 73
71 447 36
362 888 33
147 463 80
367 672 53
203 990 16
575 777 12
430 941 67
69 807 62
304 990 18
36 975 47
99 745 50
355 813 51
48 738 58
484 893 37
493 610 52
331 880 55
88 956 47
116 674 59
77 792 73
528 956 36
864 887 36
41 534 33
459 901 46
87 836 42
216 673 41
265 846 45
157 685 72
170 320 46
121 890 59
138 374 34
257 905 53
421 775 30
291 856 29
434 737 46
274 347 68
416 888 70
533 786 61
172 269 51
322 941 61
206 420 28
194 770 22
202 732 66
61 481 49
61 902 42
512 534 57
382 809 70
628 809 91
687 935 65
229 675 27
386 559 65
267 941 36
478 917 54
91 222 15
279 921 45
296 991 30
16 850 46
676 749 45
831 950 51
110 472 52
161 661 32
70 812 61
604 900 55
85 123 53
584 792 56
374 503 23
122 783 53
267 535 4
695 815 36
272 960 57
43 96 45
121 643 46
286 896 51
33 359 27
46 857 23
446 695 12
140 487 32
294 629 47
331 517 45
7 608 51
438 915 25
143 366 32
308 707 63
617 652 38
181 616 97
273 802 30
586 899 44
294 781 37
89 782 57
187 515 34
447 803 43
375 636 37
667 796 45
25 385 16
278 621 48
788 895 54
362 487 50
626 692 46
44 861 13
614 662 41
45 742 59
651 931 58
799 871 34
663 809 56
37 97 38
460 710 42
343 805 11
414 734 34
78 205 48
111 193 54
626 675 55
508 717 50
465 783 57
232 889 53
500 656 57
466 495 35
335 822 59
431 716 54
523 982 40
601 973 52
316 754 39
309 934 41
834 887 32
157 715 19
53 641 43
41 577 40
204 797 49
178 236 46
165 191 32
67 301 71
459 682 53
21 211 42
338 917 68
66 699 56
75 304 15
403 526 64
205 883 62
525 874 23
104 796 27
633 723 51
76 422 31
551 1000 34
399 931 64
608 853 50
709 933 45
356 907 33
303 327 57
667 711 30
134 898 36
444 604 19
855 918 36
45 544 46
732 980 68
18 680 64
115 833 58
177 568 36
836 999 20
754 919 6
76 999 25
222 989 33
38 951 67
733 859 51
145 433 48
692 762 55
82 114 75
668 886 41
335 741 42
356 621 39
426 715 68
48 628 54
166 974 60
787 906 29
64 255 47
190 983 51
29 778 51
75 356 29
56 913 61
73 580 9
174 207 22
355 806 37
16 160 30
77 441 20
35 642 40
142 905 61
637 783 38
204 998 24
177 419 60
136 521 49
198 618 70
97 852 59
197 417 49
301 308 89
631 972 5
435 729 36
54 110 45
423 642 49
414 903 46
475 989 26
187 590 30
512 641 51
288 814 33
260 636 36
399 793 51
768 843 52
382 680 53
302 691 59
951 961 14
23 252 69
239 356 41
253 532 54
144 971 52
446 606 41
270 787 48
400 493 28
598 651 68
173 526 67
258 771 65
79 277 16
641 665 57
449 648 39
698 788 51
283 311 46
372 931 68
361 481 60
112 653 23
245 701 55
485 949 14
392 484 23
44 811 34
214 805 12
292 397 49
22 252 14
284 420 43
843 972 46
69 415 37
401 589 39
11 979 19
555 935 49
98 447 64
887 976 51
594 871 35
796 900 14
105 316 41
717 853 46
366 645 18
156 724 84
200 975 74
406 789 58
323 988 10
841 920 13
921 922 33
357 547 55
68 352 50
629 781 11
104 428 49
335 645 39
375 704 39
866 875 37
228 474 25
579 624 48
81 110 11
280 478 9
235 515 45
30 313 33
30 514 23
563 917 4
413 483 51
361 951 62
607 843 55
204 909 24
241 763 28
331 928 32
224 943 23
139 713 29
155 846 73
215 230 16
879 913 65
216 364 40
62 492 34
358 981 37
762 873 75
764 885 42
97 968 60
163 507 24
249 561 45
215 218 46
64 85 54
506 714 9
541 756 47
3 983 36
451 496 41
578 829 65
162 807 23
466 810 35
173 300 62
422 437 32
2 100 72
207 975 69
115 445 60
575 964 29
212 590 51
697 981 30
549 916 59
281 821 54
306 652 63
517 928 50
731 870 67
96 480 26
236 888 37
589 606 50
215 491 46
734 900 55
48 663 11
937 973 46
443 487 49
404 826 25
285 894 42
275 623 30
454 952 42
396 847 71
12 58 48
657 732 40
385 635 52
195 740 52
168 947 14
55 262 19
421 944 30
23 318 23
200 977 54
84 233 36
1 300 61
921 985 23
145 852 21
418 985 43
333 677 49
297 938 49
56 629 49
573 841 14
48 156 48
44 380 37
121 870 25
221 254 27
489 826 37
27 688 32
884 940 20
17 611 3
115 927 72
217 544 40
381 500 57
511 993 64
299 764 45
172 530 30
294 753 19
388 951 43
299 537 39
337 905 59
337 497 5
160 417 27
886 962 45
154 637 45
519 796 11
246 561 65
393 890 58
130 743 64
653 941 60
428 903 38
676 677 67
18 487 34
144 398 45
661 672 10
130 340 24
90 335 12
380 861 49
21 115 42
558 677 65
684 722 8
685 920 17
457 970 59
45 483 64
147 865 64
64 585 45
303 460 62
111 325 52
268 863 58
651 793 60
50 924 24
263 778 46
350 379 34
111 404 52
736 899 41
253 798 41
261 718 38
60 606 55
306 464 54
13 760 9
149 961 8
439 548 39
720 784 62
428 519 61
169 506 52
741 811 21
8 894 71
242 542 13
38 142 47
220 645 55
467 558 51
864 880 37
119 678 35
341 584 25
476 727 52
467 592 49
215 352 50
873 911 67
42 917 44
32 49 42
55 700 58
221 989 47
585 954 36
188 483 51
231 496 40
623 681 23
31 726 65
224 776 48
125 803 28
500 562 48
94 461 47
770 904 34
714 823 47
26 911 31
272 984 42
754 806 52
718 790 40
351 808 59
427 563 62
275 929 20
466 858 49
13 202 57
747 757 59
288 824 39
285 394 53
291 966 39
2 207 77
68 945 31
376 955 24
164 963 62
218 585 36
192 445 63
560 935 46
798 886 54
254 989 22
476 694 22
698 939 60
547 643 10
158 171 56
126 947 29
384 626 44
742 908 71
721 751 62
172 837 13
125 441 52
443 963 59
461 835 42
596 872 7
489 649 28
635 679 48
469 524 32
408 825 51
894 912 33
899 954 52
319 599 43
401 963 56
543 722 59
91 989 29
251 303 56
748 973 50
94 439 31
128 740 33
82 840 64
186 764 15
354 611 30
61 868 20
203 356 18
169 676 47
721 945 62
377 657 57
19 235 54
460 768 38
225 802 46
503 539 40
622 967 48
723 850 24
185 317 59
363 628 54
662 783 61
13 377 33
507 959 15
545 654 50
695 844 57
577 668 54
343 816 53
529 791 52
649 781 37
363 738 47
150 667 27
46 753 40
3 877 56
206 695 50
476 802 52
101 139 40
245 338 47
167 448 87
588 705 48
442 854 30
227 280 41
73 197 31
379 540 48
188 553 57
45 510 39
199 256 54
209 820 59
744 865 60
108 516 26
463 550 71
210 352 38
835 966 46
698 965 10
304 907 51
645 745 61
244 829 41
327 578 16
771 935 62
417 713 27
491 899 44
257 552 64
695 794 23
200 893 62
277 403 59
498 630 50
474 520 48
343 822 35
166 845 45
742 830 58
12 533 33
559 862 40
304 594 62
43 804 70
151 681 18
455 948 53
612 869 60
524 923 13
683 999 36
272 279 11
963 968 37
47 842 30
763 880 62
66 305 11
542 586 44
416 995 42
161 672 41
545 874 38
411 911 26
130 653 15
485 668 47
369 850 46
289 504 18
142 616 57
346 536 36
101 896 48
308 811 58
350 539 39
87 906 37
233 304 46
290 671 54
589 867 31
189 684 44
19 351 55
272 922 66
397 473 63
567 710 59
638 642 50
193 788 42
225 774 39
121 818 55
533 764 53
241 323 55
138 681 63
639 645 65
436 905 52
50 540 36
459 685 47
50 836 34
283 804 78
142 775 76
481 976 53
514 804 70
519 860 24
272 292 33
156 448 43
10 126 50
100 494 67
53 533 34
452 955 63
437 540 21
666 968 52
380 562 10
669 872 82
797 971 20
180 965 43
363 830 54
546 890 75
70 433 45
344 924 65
536 714 40
637 671 56
22 23 74
34 387 46
86 950 55
40 189 50
203 304 6
922 984 24
823 937 55
489 495 18
447 678 15
1 953 40
303 440 57
510 909 33
141 574 48
2 83 43
209 389 25
231 723 44
433 852 48
613 722 65
943 963 40
91 182 70
644 934 57
367 808 26
80 415 34
44 822 38
193 425 32
109 845 47
932 981 52
503 585 24
731 890 41
17 458 60
133 333 43
155 323 23
336 368 8
698 879 24
501 898 55
536 592 22
76 730 30
634 742 58
582 695 50
414 966 27
893 977 29
590 824 46
656 707 72
751 945 25
579 915 69
95 678 29
360 498 66
410 471 33
527 658 22
45 124 16
71 349 33
399 837 59
831 958 28
164 867 35
177 846 48
212 365 45
5 812 71
835 860 40
24 494 22
452 886 55
701 733 41
325 380 50
58 249 59
575 736 31
132 283 15
41 947 17
21 389 41
200 1000 56
231 407 25
471 783 52
207 702 35
333 506 64
307 683 27
477 820 17
640 797 39
73 454 39
387 622 21
58 237 62
180 673 47
237 788 63
318 863 66
626 873 59
705 1000 43
365 982 46
153 405 43
175 302 61
571 869 50
260 408 42
12 476 40
717 756 51
82 311 74
144 508 33
406 891 44
134 852 34
121 974 73
251 309 53
324 472 62
567 737 47
235 312 55
487 809 67
255 465 42
263 684 39
622 838 29
377 565 41
160 896 16
258 932 31
712 889 46
211 969 50
339 811 35
438 897 56
145 680 39
103 321 19
148 548 29
83 384 74
220 609 26
274 769 53
780 877 35
243 620 59
701 750 74
91 568 29
614 964 40
295 516 56
727 764 29
62 561 72
192 937 19
473 984 51
500 707 30
260 851 62
664 997 71
39 852 53
290 955 57
167 442 87
23 141 73
264 367 38
280 701 72
147 391 40
22 141 42
188 909 29
84 315 54
466 489 39
706 780 22
39 502 61
381 811 33
123 539 60
83 494 56
85 485 24
218 255 18
226 950 68
599 869 22
622 983 62
586 964 45
613 787 49
71 803 42
197 789 48
442 844 42
94 808 38
151 899 43
115 884 58
348 495 26
813 970 66
789 891 16
325 822 49
692 873 22
126 564 40
39 680 53
248 879 51
682 920 52
8 571 14
251 829 23
63 800 60
280 881 29
188 908 59
453 969 41
353 946 52
641 727 15
317 583 56
177 475 14
415 591 66
317 426 72
257 744 62
375 408 34
250 276 28
451 482 19
781 826 31
105 813 35
19 548 34
383 508 32
135 226 78
404 649 33
594 725 44
513 726 36
515 757 53
1 550 15
99 343 43
124 544 36
358 932 17
635 755 47
143 343 16
344 650 59
391 552 41
414 856 6
234 392 41
9 869 57
949 955 14
594 782 39
64 146 57
870 890 53
262 700 40
595 863 56
255 899 55
95 447 41
114 696 72
724 738 43
248 839 75
120 298 52
383 582 51
556 606 44
696 813 65
520 617 48
199 944 56
15 564 63
349 818 86
63 875 34
355 438 52
401 854 22
623 929 50
219 391 29
341 679 79
602 864 44
473 895 10
740 871 63
368 806 59
80 611 58
29 320 41
596 649 49
358 793 49
620 834 37
23 317 74
636 838 17
805 822 31
235 261 22
163 391 60
274 351 65
256 337 42
210 269 31
79 517 59
393 731 32
115 328 16
252 305 41
708 758 42
316 693 37
479 516 50
533 534 24
528 948 49
382 936 53
82 642 55
205 616 63
546 987 78
676 823 44
4 602 43
60 695 10
128 942 52
284 695 43
36 411 84
53 694 35
109 125 31
28 983 27
51 574 26
434 946 57
559 657 43
428 580 38
95 119 12
621 907 13
440 578 33
101 274 56
63 866 14
287 629 47
133 506 45
52 722 49
453 605 34
102 675 51
321 969 64
9 516 11
399 935 19
413 675 40
595 778 54
166 617 47
677 726 70
404 596 53
11 192 63
527 746 58
409 715 63
31 807 21
860 900 25
533 947 44
431 563 21
208 260 41
83 411 34
318 778 77
375 967 42
546 743 57
174 200 14
432 972 48
484 977 28
474 792 56
68 721 48
39 963 31
162 559 6
561 764 37
16 231 26
711 902 26
531 665 23
36 207 27
87 574 39
268 320 14
914 942 69
663 738 54
531 970 70
150 247 22
49 757 14
154 296 84
703 948 44
354 795 44
313 462 37
432 780 12
314 891 39
260 768 42
674 730 46
943 968 12
215 560 49
36 588 82
332 336 87
249 727 7
24 977 61
109 784 69
671 783 69
50 379 41
550 883 88
402 910 52
183 976 22
359 492 14
138 350 37
646 813 66
341 750 40
509 697 80
197 291 15
552 705 52
6 686 9
454 789 45
405 635 27
381 741 46
412 468 24
63 779 60
508 582 22
323 400 20
228 647 56
172 687 62
286 407 29
482 496 56
437 470 36
401 968 43
258 509 49
88 373 18
49 747 52
785 956 47
816 826 37
118 978 55
758 916 49
43 296 73
205 975 77
161 986 31
233 633 38
3 387 51
551 705 17
328 927 64
35 283 36
703 993 31
412 810 43
134 888 3
113 851 59
451 633 28
118 514 18
480 991 77
56 698 51
230 560 43
47 976 38
89 467 19
115 195 52
302 321 41
265 989 25
637 751 28
106 455 22
628 738 8
719 753 35
739 752 47
50 683 23
589 968 34
188 675 27
438 754 23
776 963 59
884 937 38
280 859 72
501 669 64
481 902 42
58 786 26
16 286 30
363 544 66
468 593 66
371 799 46
397 418 24
333 749 42
61 247 42
504 516 8
175 329 34
234 893 55
184 400 52
269 651 68
198 997 21
110 459 31
247 711 26
327 839 67
175 267 58
498 730 32
76 836 5
313 514 36
360 536 15
311 840 27
149 976 67
2 411 63
301 950 90
403 670 69
427 755 51
42 664 46
808 952 57
285 711 37
16 281 49
284 843 51
12 53 49
602 887 19
54 841 47
119 349 18
457 492 53
149 342 23
325 562 44
309 910 44
13 820 46
73 835 41
77 349 52
397 922 41
95 98 63
414 952 41
70 666 59
39 776 60
397 402 42
378 855 17
34 408 19
661 842 53
400 566 30
35 96 23
303 567 49
117 712 28
650 924 27
162 565 56
17 490 58
549 577 38
75 990 6
534 916 50
216 440 72
389 605 41
267 322 69
193 698 21
582 853 39
686 901 26
83 330 71
387 408 28
801 988 40
87 730 33
439 808 12
128 969 25
355 897 31
686 699 13
377 732 50
134 145 14
362 416 37
712 784 54
204 675 28
950 958 47
331 602 33
490 847 50
18 140 42
756 780 56
412 872 50
129 211 63
537 665 38
667 900 46
940 973 17
70 936 30
464 617 39
399 509 47
398 608 22
78 173 27
142 403 76
562 811 58
334 661 32
884 973 16
99 805 36
154 465 67
107 124 42
367 515 51
17 69 27
251 855 54
456 550 56
204 392 39
535 731 84
458 732 17
121 889 62
914 969 66
177 182 63
818 974 80
232 974 41
186 665 29
50 307 46
110 685 25
554 915 30
203 630 48
122 751 74
3 658 19
462 549 42
79 568 54
575 923 37
844 867 51
74 879 42
146 503 35
341 792 39
93 518 33
435 728 63
113 260 35
203 621 56
205 690 69
468 872 57
369 723 40
613 863 61
298 928 17
191 767 48
127 198 75
12 534 40
212 228 61
860 912 66
251 866 30
18 443 65
418 922 50
783 945 11
327 992 67
181 403 83
93 677 39
323 801 36
358 697 20
420 794 41
207 588 62
510 608 47
275 681 47
754 770 56
131 682 7
242 575 22
63 244 24
310 353 19
370 874 21
108 505 32
69 162 72
130 874 45
479 689 24
152 433 42
600 610 64
96 514 49
96 118 49
218 614 48
107 544 27
599 791 51
263 320 63
24 266 54
136 691 41
340 653 10
287 489 43
855 934 58
404 781 48
568 957 68
11 973 52
496 723 35
597 686 34
448 663 29
52 613 68
555 651 74
558 714 10
150 796 52
509 876 56
358 687 82
459 699 30
160 345 42
222 254 12
250 578 63
318 595 26
241 957 52
159 987 71
390 541 33
581 658 26
388 765 50
164 943 23
505 599 56
453 914 54
196 330 44
372 751 55
260 710 37
492 693 56
72 868 42
909 998 46
156 738 45
835 856 35
245 431 4
405 925 76
443 809 47
119 447 44
201 839 64
232 349 44
108 289 2
537 561 25
336 754 39
216 913 26
523 620 37
216 848 45
86 332 54
503 899 44
848 965 47
37 70 38
171 633 45
484 510 56
280 733 32
135 301 56
495 719 36
418 703 48
52 137 47
756 959 58
191 226 45
51 836 54
345 789 53
839 913 55
841 966 60
258 697 36
300 775 43
203 799 46
251 378 38
463 975 43
227 245 41
64 123 22
101 769 26
18 501 61
479 504 57
481 711 34
340 648 38
195 973 41
147 551 60
613 659 70
531 561 52
173 953 37
408 622 38
287 879 41
438 806 52
42 716 12
132 311 42
329 449 79
443 773 69
644 737 62
720 974 49
40 993 40
300 550 59
930 971 34
543 613 58
562 656 52
92 620 37
218 586 41
391 959 74
770 817 60
15 962 34
2 702 95
140 898 71
269 555 41
231 896 46
285 444 71
598 876 38
598 793 40
79 603 38
109 678 52
259 297 58
721 931 69
108 875 47
545 547 38
140 382 46
111 781 36
902 986 41
258 876 10
182 670 71
311 313 56
188 229 34
387 780 36
637 945 35
191 336 40
99 645 49
189 878 39
435 576 49
84 451 56
372 783 62
523 790 32
54 573 34
171 723 17
225 708 43
71 678 40
115 748 42
112 315 14
20 767 72
517 887 64
655 752 64
566 600 60
390 432 50
29 595 39
123 615 61
242 777 11
398 797 30
104 900 17
486 714 19
246 885 67
75 630 54
48 448 30
155 988 32
605 980 63
40 263 31
372 410 72
41 65 40
38 928 40
69 262 50
92 672 64
89 676 37
252 538 42
339 728 72
763 834 47
585 736 52
557 896 50
664 917 43
333 530 51
599 746 55
279 985 31
141 252 29
603 670 88
91 221 20
781 965 38
719 826 20
65 512 41
576 707 44
325 404 13
425 848 32
650 683 22
428 856 32
74 180 19
772 918 40
44 366 46
241 243 42
227 664 56
449 890 55
179 946 47
554 754 46
464 520 29
207 893 67
816 822 43
323 566 33
750 792 27
13 601 55
465 586 40
180 788 20
640 853 48
365 625 61
214 822 31
476 533 20
516 772 38
442 773 76
469 709 51
532 615 36
448 738 30
704 967 47
193 965 31
314 417 44
116 238 43
349 447 28
969 979 25
212 312 29
629 719 30
511 543 27
199 951 65
585 964 39
168 577 40
69 591 62
178 669 61
114 970 58
224 968 28
136 329 54
371 594 49
423 499 54
208 310 55
564 978 33
127 365 54
137 878 57
167 724 19
257 421 60
834 880 17
215 662 35
214 343 22
65 168 31
706 838 24
27 798 52
36 690 68
75 371 57
563 733 33
607 666 60
625 925 62
139 821 45
560 931 30
222 265 14
450 819 36
675 762 54
556 943 35
131 472 36
172 935 52
702 893 32
733 917 31
648 987 33
120 403 70
141 238 28
257 337 15
213 817 15
395 651 70
301 767 94
225 240 19
372 555 77
620 814 47
18 809 58
320 778 28
341 938 42
336 950 50
166 632 42
565 732 57
418 984 46
21 453 47
81 920 42
348 466 42
58 641 52
553 762 16
336 767 50
26 494 13
425 698 35
7 446 32
236 348 17
433 812 39
112 874 35
72 150 32
523 718 48
795 980 66
242 964 39
634 908 20
606 867 28
3 28 56
582 640 43
415 828 16
428 952 37
91 265 23
310 776 34
420 830 34
491 542 22
504 505 27
120 277 41
174 977 49
577 886 23
420 867 37
94 367 35
278 725 40
572 820 61
59 723 43
144 853 35
428 461 42
731 743 27
184 988 26
27 615 37
383 390 50
346 676 26
524 575 40
6 81 41
574 787 60
424 807 48
111 343 41
183 388 34
457 645 59
169 714 44
739 810 47
249 609 32
240 956 32
208 567 32
215 766 26
629 826 39
497 865 13
668 949 57
278 356 11
320 832 64
176 766 34
842 902 29
309 578 48
361 765 36
461 604 62
106 528 20
674 999 55
408 838 17
851 972 24
829 918 59
23 832 56
228 306 66
734 856 39
616 670 83
298 517 60
337 744 48
559 807 22
46 879 42
452 978 57
153 925 65
95 349 14
556 968 39
219 744 46
28 800 18
701 917 46
537 641 24
406 821 35
784 889 10
154 471 40
707 739 59
142 421 59
176 837 48
394 894 37
656 861 39
247 926 23
272 397 42
588 702 57
518 522 48
357 896 52
203 907 50
693 904 43
196 627 67
416 898 40
47 183 32
174 975 82
498 674 37
553 675 38
53 786 35
123 376 36
408 779 42
235 306 44
41 916 46
195 445 63
353 434 6
188 762 70
7 508 39
379 933 33
26 893 56
250 910 29
47 247 30
798 994 57
98 119 74
405 755 47
674 836 36
93 726 56
408 581 40
563 881 52
462 962 66
40 778 64
255 290 50
493 566 54
572 748 11
210 931 35
63 251 44
235 982 47
3 527 37
335 861 28
24 384 50
636 779 52
118 480 26
215 614 7
72 161 50
291 891 55
3 800 51
559 565 60
218 465 50
63 319 40
122 465 73
286 723 45
659 683 57
181 550 96
77 938 64
232 632 37
161 842 42
446 541 19
404 810 56
339 500 47
853 959 40
758 802 23
436 569 47
349 803 15
702 977 42
209 927 50
85 376 23
466 593 38
522 807 66
74 965 34
165 897 63
125 349 20
838 849 24
409 573 30
296 452 77
390 446 42
437 827 22
99 885 37
379 623 45
351 464 61
260 644 37
375 387 12
80 490 5
706 967 32
741 861 30
288 515 35
34 190 42
147 552 34
157 689 77
722 878 50
432 967 20
4 92 44
321 521 58
608 971 32
13 565 42
94 428 45
381 435 51
365 385 53
106 225 50
482 996 40
377 980 38
510 930 23
140 663 61
583 772 38
13 748 55
159 743 54
438 813 46
450 464 52
224 963 62
1 616 39
6 459 27
489 719 20
504 612 21
452 804 66
253 688 23
420 446 33
655 669 31
282 324 40
159 890 63
877 967 23
191 271 10
707 729 31
677 714 68
229 553 27
183 892 51
16 101 56
895 984 57
58 476 20
113 208 14
399 687 46
109 720 53
227 563 20
276 378 27
363 724 45
142 953 68
556 867 27
92 661 55
842 986 12
296 480 73
395 662 61
289 612 34
481 765 61
233 356 46
73 856 14
704 983 61
284 390 33
200 702 37
486 558 22
14 905 44
333 469 49
518 601 88
60 446 16
263 511 66
307 540 30
625 679 63
364 848 70
500 729 41
62 359 45
391 705 12
17 847 17
42 733 49
216 839 55
617 720 54
45 188 42
425 879 33
49 808 44
50 87 49
581 704 42
385 618 20
354 732 53
892 926 57
659 906 8
59 430 24
326 847 49
74 788 38
103 128 67
372 637 82
78 456 51
37 433 41
161 834 60
208 851 48
661 814 39
379 683 19
402 993 58
48 443 40
236 466 53
307 650 36
274 406 40
259 349 52
778 832 47
110 920 32
418 993 44
194 950 55
412 752 20
880 887 16
491 575 14
381 817 49
20 86 54
223 225 53
547 987 50
238 538 47
712 974 34
161 864 36
394 912 5
401 556 43
923 929 46
136 429 34
247 285 62
68 465 51
150 842 40
9 583 64
310 607 26
218 899 38
803 974 52
272 473 28
112 130 38
587 787 68
335 366 51
117 166 13
501 655 40
488 969 20
225 528 37
80 847 53
580 835 35
512 537 39
43 638 23
160 314 25
558 940 63
337 569 34
197 856 33
205 550 40
267 691 67
793 981 57
405 625 73
679 755 57
197 414 38
424 862 54
166 720 12
387 967 42
118 638 75
378 918 42
185 841 43
412 728 79
172 176 55
451 996 37
17 415 28
479 612 38
476 641 41
856 952 40
134 362 35
386 862 29
627 692 81
14 199 58
81 282 29
472 685 62
518 726 30
68 637 66
227 701 35
290 465 56
907 996 35
435 707 52
122 290 33
230 931 61
272 921 42
765 976 62
718 814 39
700 847 71
735 820 59
515 824 25
91 254 14
16 654 33
431 733 53
157 841 69
200 551 57
636 706 36
484 797 55
178 596 34
64 949 57
170 772 41
427 997 50
631 851 28
430 648 42
237 473 64
310 737 57
636 710 47
163 705 58
45 909 28
189 263 26
513 687 39
258 981 30
25 925 58
42 297 58
424 932 85
258 358 24
122 154 13
470 536 52
106 543 51
540 650 53
58 727 59
110 686 41
554 897 33
468 752 29
137 863 48
554 919 51
74 237 60
115 209 24
532 955 66
628 773 39
532 668 9
660 798 51
243 365 61
152 495 42
230 766 40
412 669 53
42 341 77
315 874 44
342 928 68
357 643 63
69 396 71
664 701 59
156 854 26
40 137 61
4 600 47
340 370 12
37 502 13
100 411 44
25 153 26
547 654 66
606 695 46
23 597 46
733 881 20
137 832 51
293 415 32
210 399 59
222 603 42
102 553 17
250 918 44
496 850 29
664 716 57
80 326 5
287 965 46
232 803 33
648 731 69
569 744 28
136 942 47
137 595 57
484 971 48
5 737 72
347 845 54
382 501 56
550 670 85
71 441 39
365 790 38
146 374 24
273 916 43
134 348 47
227 733 15
137 778 6
201 985 71
118 283 36
747 808 14
227 881 34
445 601 28
70 888 37
527 581 47
269 935 11
859 881 44
671 991 72
90 861 33
485 955 26
317 715 53
486 518 86
458 657 56
21 321 58
270 650 24
648 874 43
285 481 52
505 612 18
368 754 31
725 799 34
494 702 41
115 601 68
898 995 70
103 914 52
201 984 61
527 622 61
107 217 65
502 666 57
30 840 64
828 847 13
67 332 73
181 953 77
294 816 12
105 554 39
401 442 51
746 983 61
84 371 41
136 322 18
380 741 29
124 634 36
320 595 63
90 213 67
1 526 71
373 993 55
502 946 60
394 604 12
256 569 52
217 640 48
19 288 55
283 991 92
53 727 51
865 905 42
176 491 20
363 442 39
79 221 34
656 811 9
294 343 47
94 148 33
35 118 63
279 922 64
34 260 35
473 985 47
496 996 30
165 806 57
254 265 10
693 770 19
54 131 43
864 986 40
31 522 51
42 245 46
184 566 45
378 934 52
456 883 36
257 569 45
595 832 21
819 824 51
63 295 50
6 22 4
98 870 93
219 552 43
679 997 63
264 334 49
76 116 63
434 776 36
570 571 27
43 283 52
240 960 51
67 950 43
398 510 34
371 871 16
575 766 32
44 656 35
108 504 19
499 813 44
288 334 48
173 690 90
108 295 30
270 379 30
42 57 65
107 363 53
423 624 14
263 878 14
434 768 50
121 159 90
601 940 60
178 466 47
375 838 22
289 689 54
717 744 55
275 470 35
134 680 49
279 473 38
471 671 67
132 642 29
352 614 52
558 749 41
544 742 22
450 824 52
287 857 31
292 985 53
404 753 36
322 691 28
162 386 64
199 421 56
780 838 44
539 585 63
60 815 36
119 803 9
393 870 54
19 757 36
849 967 36
330 911 34
392 510 44
158 633 13
876 981 22
589 607 43
174 551 68
225 956 19
210 935 41
72 661 58
377 795 62
817 958 72
64 955 54
468 739 64
297 701 49
185 573 56
109 441 66
237 939 46
257 300 60
234 484 23
552 744 30
618 647 65
506 676 19
799 990 30
14 342 56
398 971 33
86 368 40
2 36 66
86 767 45
212 450 50
248 425 47
774 948 43
175 535 59
612 772 51
442 448 56
523 763 41
5 839 34
753 826 28
388 928 66
601 760 63
204 553 64
186 641 32
649 816 48
689 894 50
856 903 46
316 438 43
75 278 24
84 633 30
270 924 6
324 907 46
532 886 47
156 773 61
24 627 44
519 667 52
110 573 36
78 463 71
684 993 47
372 395 41
424 981 34
71 77 19
215 255 54
57 441 55
462 564 50
386 828 60
487 852 62
123 660 30
3 375 40
23 595 44
462 978 40
107 742 9
118 452 65
315 633 39
758 786 59
717 959 11
453 979 46
59 653 32
67 135 32
351 652 35
197 966 34
88 703 26
394 444 25
111 753 24
113 825 42
631 706 43
129 521 48
256 865 52
13 980 59
743 987 22
88 960 32
509 598 45
888 936 29
270 683 27
368 950 55
777 923 47
415 490 31
423 579 42
202 605 63
848 879 28
561 609 45
609 885 33
381 656 30
62 457 20
504 689 43
33 316 29
553 692 64
45 908 64
451 882 47
79 182 57
186 561 24
177 989 36
77 259 24
24 200 73
47 61 20
558 676 7
388 961 56
282 686 9
334 718 55
542 777 22
625 635 52
487 936 41
179 364 52
104 860 8
62 745 32
522 771 68
289 875 48
213 958 70
72 986 20
198 635 31
22 686 8
231 850 22
3 704 28
663 773 37
19 515 21
791 875 17
723 996 55
219 959 45
110 682 34
334 814 18
52 189 45
190 800 34
380 739 40
524 837 59
736 964 30
380 656 42
54 472 17
270 659 35
604 894 45
356 882 39
242 614 42
377 477 52
643 890 45
110 841 40
331 887 43
216 248 22
212 819 18
944 961 55
450 590 8
144 217 48
295 504 49
415 611 26
591 657 66
838 967 51
46 56 38
109 974 47
742 844 65
602 976 35
357 654 17
655 995 35
112 158 51
800 983 34
8 285 65
92 334 40
347 464 47
121 547 55
484 930 38
387 877 50
295 529 55
281 286 52
404 562 52
165 226 64
234 1000 50
698 848 48
325 826 37
229 909 58
318 587 55
308 435 31
182 603 27
201 922 43
768 972 54
128 979 41
215 465 42
532 688 38
260 825 25
697 700 79
70 680 35
671 751 81
288 672 43
96 840 71
15 886 65
439 952 48
544 634 62
610 763 57
22 538 44
7 794 28
194 904 40
136 321 67
152 812 48
545 890 53
286 850 28
454 713 51
59 874 7
709 923 24
703 878 56
11 115 31
39 968 55
422 683 45
701 859 49
292 703 34
386 847 62
176 524 54
11 328 31
374 899 65
311 423 48
177 254 18
247 868 26
598 932 9
378 866 58
553 626 33
108 612 36
158 451 40
134 936 32
178 810 35
32 617 51
227 478 48
708 785 42
3 581 26
489 629 43
206 284 33
280 563 49
373 785 53
782 799 46
739 872 60
796 860 35
558 823 47
61 183 19
243 763 45
834 864 44
473 921 40
516 689 37
312 618 61
144 608 25
341 474 68
113 737 39
175 691 11
402 984 55
710 972 23
676 940 58
576 729 18
160 231 47
115 979 14
184 243 43
235 590 53
366 822 23
631 843 50
257 865 21
452 962 29
818 889 77
339 656 30
306 515 41
92 880 39
381 728 80
42 431 42
230 395 61
115 389 40
138 539 3
104 604 58
80 828 46
379 924 32
690 975 23
196 873 39
528 994 34
111 143 56
345 713 44
117 720 2
150 902 22
344 613 75
151 954 37
116 305 56
337 552 49
103 521 46
422 674 38
302 429 59
578 839 65
49 548 30
38 944 36
91 846 40
117 347 26
758 960 41
272 985 33
327 910 69
241 400 65
196 553 47
386 396 60
105 438 18
184 801 50
45 634 45
288 718 42
722 778 56
681 736 33
276 309 41
2 494 75
483 675 74
110 409 49
211 740 34
563 716 52
512 665 17
235 718 38
151 964 41
244 276 64
150 285 49
338 427 13
632 784 34
775 944 59
308 656 57
470 540 56
9 772 48
420 844 37
572 973 58
300 337 58
121 987 74
97 963 47
280 431 69
402 418 22
537 885 29
784 974 22
266 626 40
341 647 51
446 830 51
100 330 48
313 564 62
693 919 67
658 779 50
374 539 32
518 530 69
37 946 60
704 706 58
306 450 31
545 987 43
408 849 39
432 877 43
14 944 18
48 809 46
6 305 52
645 822 38
200 588 38
5 946 54
221 403 54
605 927 38
409 841 16
31 386 64
383 541 54
87 116 66
444 479 51
720 889 57
85 949 12
522 726 19
61 388 37
602 834 51
106 253 41
226 332 24
258 424 63
157 444 67
272 895 37
109 119 19
329 691 44
11 21 35
270 307 52
63 791 47
426 459 48
468 655 47
56 812 60
79 403 59
55 847 50
261 982 39
31 559 5
463 883 37
10 798 46
484 998 49
29 583 41
246 639 10
158 482 39
30 35 61
108 869 55
281 896 53
464 474 71
330 692 47
73 428 46
65 549 30
56 152 27
33 438 38
244 378 46
168 916 55
33 970 47
542 614 34
738 773 46
507 756 57
842 926 49
633 759 3
163 508 63
348 593 27
864 976 53
6 901 21
333 518 53
607 968 35
746 800 54
323 925 73
245 478 78
573 685 23
514 978 44
25 679 63
32 464 40
433 495 47
455 994 46
88 292 32
403 603 30
681 923 48
309 918 58
142 526 68
183 765 60
27 528 43
395 555 36
352 662 44
425 965 40
526 953 32
51 66 41
52 684 57
282 682 40
319 570 38
188 413 17
64 374 34
683 836 53
392 971 47
17 795 66
691 941 45
384 692 60
15 118 59
88 774 31
109 117 52
84 129 59
341 716 74
220 343 34
117 889 56
203 233 41
587 722 68
349 678 17
486 536 54
135 213 76
264 288 34
922 992 59
295 791 4
30 132 36
30 311 38
234 930 48
224 401 37
272 373 47
209 979 35
654 769 58
325 816 22
115 453 40
49 148 48
711 892 52
111 826 51
507 717 23
855 910 41
383 756 10
183 247 42
332 767 72
554 806 35
178 593 24
357 545 49
65 126 46
322 942 58
253 528 55
152 287 18
345 557 41
440 934 61
261 824 43
206 606 7
281 357 15
555 721 79
375 622 10
310 434 14
181 419 70
401 943 31
842 864 44
135 950 35
208 434 52
7 541 26
448 724 69
399 530 70
8 869 37
20 271 42
213 381 39
49 367 54
293 700 62
45 398 49
16 417 47
166 520 42
788 939 18
68 395 42
568 846 14
90 576 59
490 611 56
90 381 49
346 558 20
226 271 44
126 886 46
176 575 25
295 599 48
194 438 64
168 534 34
109 632 45
278 907 43
236 593 25
647 679 36
465 614 48
281 557 8
444 894 40
491 777 9
157 426 53
344 350 56
743 890 27
85 290 59
208 768 8
342 951 23
693 817 58
149 199 57
159 449 71
334 672 36
438 919 27
368 770 62
632 845 5
114 579 69
256 421 70
251 934 44
530 771 57
171 407 28
868 926 42
104 835 48
376 615 63
369 451 26
284 446 33
760 980 54
761 961 65
127 647 50
229 483 62
290 783 65
631 636 56
208 737 38
641 885 47
328 979 15
480 638 50
67 767 34
308 381 28
311 514 60
123 485 60
545 643 46
683 906 55
305 538 47
397 985 21
410 465 34
635 925 76
291 580 32
224 854 50
338 997 52
466 719 40
665 885 52
109 889 60
218 964 54
72 796 63
399 651 65
267 329 33
370 987 60
164 776 49
223 543 53
456 463 22
335 639 73
392 930 22
694 916 46
784 818 78
154 410 42
36 200 45
323 610 27
563 664 40
11 969 31
311 624 42
847 862 61
66 901 56
658 800 32
267 449 47
410 751 57
640 971 28
330 384 30
67 831 21
221 603 25
224 589 7
2 627 85
41 694 53
3 622 31
44 562 43
448 628 25
132 480 28
538 686 45
173 205 28
196 911 67
317 318 78
701 881 54
765 951 27
497 775 40
117 617 54
435 958 73
113 710 48
24 893 34
80 262 57
891 952 48
219 1000 54
24 911 51
526 550 58
340 430 5
42 227 38
792 938 31
202 735 45
500 739 31
717 877 69
126 462 52
82 624 33
413 908 55
643 987 50
88 948 28
118 296 66
42 701 15
535 546 83
92 887 46
83 100 30
129 740 61
198 338 71
458 591 22
217 695 49
314 789 38
248 673 19
161 620 49
27 455 51
780 972 54
138 146 12
60 390 52
18 995 75
137 320 23
6 131 50
735 760 29
857 858 42
163 717 39
470 929 18
354 415 48
279 292 26
91 603 44
596 752 33
407 654 51
767 831 49
28 527 21
369 996 15
348 858 19
629 857 35
305 901 46
17 354 28
307 933 26
162 657 38
444 689 52
15 296 66
36 494 76
94 860 51
369 482 36
426 597 52
68 410 33
130 648 30
45 204 51
916 947 52
236 433 49
52 832 23
543 785 34
194 754 47
9 479 46
547 890 48
403 419 24
289 772 47
32 406 35
89 506 45
868 892 57
449 987 44
63 746 64
400 610 41
782 823 48
190 408 38
131 621 55
271 368 54
57 716 55
456 953 75
60 541 21
90 339 54
211 302 54
385 679 54
797 909 40
40 418 41
332 619 57
348 433 44
206 446 46
307 350 51
60 217 45
359 970 38
147 219 61
621 882 17
638 991 81
28 746 40
31 657 47
46 629 14
852 888 32
904 919 32
338 664 27
275 469 60
217 794 26
249 885 39
202 820 36
234 510 58
206 589 44
612 689 22
181 603 97
374 585 44
469 530 54
710 768 36
182 526 66
45 413 25
635 997 49
46 287 34
281 769 27
452 564 55
774 956 24
761 775 62
347 632 51
646 915 58
82 499 42
72 926 41
302 322 43
328 389 30
589 854 49
651 935 62
482 633 29
687 793 44
508 756 35
608 797 41
663 854 61
127 635 55
73 414 18
364 440 59
314 821 58
211 488 31
171 482 42
593 858 45
148 903 53
158 315 38
659 999 50
706 877 48
687 876 55
470 827 38
381 729 30
391 744 60
377 760 25
334 523 62
708 956 25
273 956 31
190 779 23
172 469 62
180 848 48
509 793 24
369 882 38
454 856 42
657 735 46
460 567 22
561 885 13
299 641 30
133 470 33
391 551 28
361 961 59
854 867 43
169 823 17
166 712 40
776 968 34
221 265 32
474 584 62
438 646 57
616 905 61
125 447 32
732 795 25
209 453 21
203 594 62
340 525 2
192 467 64
622 636 43
488 914 70
676 937 46
543 948 42
19 824 32
337 865 18
41 462 55
922 985 34
854 943 51
255 586 49
461 796 33
354 591 21
407 496 30
117 232 43
266 392 53
114 813 64
666 963 41
92 834 37
60 830 47
289 295 31
585 899 21
421 761 57
643 769 58
427 664 22
152 857 28
312 647 71
908 909 77
698 781 42
574 587 68
597 699 35
238 498 57
491 964 26
256 257 32
201 216 50
79 475 45
319 866 53
213 576 51
93 333 21
443 663 42
519 912 65
211 942 27
740 942 60
234 588 59
656 741 17
722 863 36
13 477 38
96 132 5
144 507 59
77 125 32
253 668 56
75 871 53
204 229 54
763 957 54
735 980 47
46 489 34
278 304 11
787 924 48
240 774 43
719 858 54
737 768 44
215 542 40
260 567 33
394 667 50
581 800 46
185 426 18
610 957 68
247 481 42
369 621 52
245 664 21
510 640 46
159 818 91
720 845 35
91 177 8
814 982 49
239 782 57
26 100 62
125 259 36
458 735 54
613 684 68
398 930 54
205 463 35
25 625 7
198 679 58
387 581 34
778 863 43
269 399 28
732 735 42
199 761 13
418 921 63
194 817 64
777 837 57
113 434 62
683 933 45
10 12 43
28 581 59
170 516 59
76 498 46
32 306 61
245 917 25
97 666 8
159 870 68
561 641 47
383 507 49
87 238 49
882 907 8
12 758 46
398 640 25
387 432 45
271 767 57
852 936 24
645 861 36
294 822 46
810 872 13
713 896 16
202 980 3
396 415 71
213 729 55
187 261 51
289 505 30
23 29 72
15 514 67
187 235 35
331 976 55
363 742 49
139 896 18
540 836 42
208 353 52
99 457 60
32 652 14
504 583 60
479 715 45
57 881 69
422 999 34
654 896 50
90 741 38
273 774 43
40 402 37
54 81 48
18 362 57
495 857 30
207 690 91
682 686 48
410 783 24
321 488 58
578 855 70
160 197 55
355 696 77
394 519 62
230 662 24
186 249 40
212 790 64
101 357 41
103 488 64
138 344 56
210 230 49
572 605 60
66 730 57
505 516 26
895 921 44
173 456 45
190 527 46
445 748 36
435 817 61
303 825 46
153 625 31
300 436 61
525 648 38
292 774 43
704 780 55
788 848 43
37 145 59
400 988 27
531 885 64
166 464 61
79 957 61
156 442 28
623 709 32
60 284 48
636 825 50
615 668 41
106 223 5
56 857 40
129 322 64
590 819 39
392 797 45
96 311 47
216 425 68
412 739 41
751 783 34
250 992 47
431 917 24
414 428 28
243 610 53
680 888 46
167 634 81
123 138 62
348 872 53
504 791 51
574 906 52
508 541 46
879 965 20
473 939 51
78 883 77
135 817 75
151 623 40
622 779 56
533 802 53
115 969 34
730 836 33
512 561 50
74 425 29
466 649 27
469 837 52
910 918 54
524 736 42
703 785 50
191 332 48
33 915 38
542 575 33
150 711 18
472 920 51
532 660 39
218 471 59
529 866 2
37 852 44
632 720 31
378 910 57
34 779 36
298 602 54
312 819 31
34 581 51
72 842 9
158 233 39
12 802 25
510 971 27
110 131 36
899 964 20
225 994 42
51 999 52
140 443 24
74 193 5
99 220 13
365 718 57
572 760 53
576 811 40
464 652 30
194 693 41
711 926 5
563 701 45
74 848 57
630 990 53
67 86 71
316 770 29
69 293 52
445 940 32
13 735 38
444 505 73
381 707 58
84 759 32
600 880 58
71 259 24
59 525 20
56 179 59
587 595 62
314 454 37
42 938 68
351 406 31
207 494 58
719 781 27
187 824 19
179 913 51
850 996 57
76 674 32
75 233 36
178 655 52
56 848 46
6 597 34
118 962 57
274 821 41
397 703 46
677 749 28
59 315 38
245 427 42
233 759 39
648 890 50
283 313 59
606 815 48
281 654 31
8 319 60
216 788 67
487 680 33
669 810 82
368 438 53
431 664 20
296 804 15
41 549 13
506 558 13
35 480 38
579 840 71
378 529 57
192 195 38
928 944 71
93 486 64
101 557 21
321 914 34
239 725 22
188 204 38
266 553 54
236 858 32
112 723 45
534 694 26
285 926 40
491 524 53
1 883 78
40 910 65
350 954 43
239 990 10
10 273 48
328 453 32
351 548 59
735 795 58
532 949 52
398 544 49
221 568 48
69 828 24
589 776 52
69 611 26
49 187 50
334 986 56
636 849 33
10 41 48
313 978 32
129 329 80
53 249 51
167 628 64
291 903 31
684 863 44
465 471 34
452 949 61
136 302 27
882 996 27
391 588 59
150 868 46
143 645 45
275 437 33
315 723 39
370 653 18
373 708 32
411 494 24
445 572 41
931 935 46
437 929 36
781 816 43
81 841 51
147 205 64
35 991 84
263 722 39
42 750 72
141 538 46
944 951 62
50 787 65
228 584 68
146 660 61
569 877 65
393 449 78
143 805 10
408 706 40
245 563 22
346 506 12
658 704 47
12 273 48
7 640 55
343 366 37
786 960 59
71 109 40
876 932 39
190 838 44
474 819 67
264 672 19
846 957 61
793 932 47
221 419 48
40 992 55
574 659 56
449 546 63
384 494 53
51 730 42
211 521 25
469 923 44
12 786 57
383 432 53
210 560 9
262 386 55
779 800 37
11 884 46
155 400 19
584 755 77
89 169 13
329 941 40
238 730 44
53 476 15
666 946 54
627 911 7
400 846 56
486 749 25
308 576 35
352 721 69
486 506 11
550 616 26
567 825 28
527 800 26
576 656 34
246 970 52
221 222 18
467 676 48
124 909 42
16 357 42
379 650 8
223 253 39
75 203 12
212 982 49
587 832 45
61 864 42
61 602 42
557 821 46
582 959 70
581 983 50
208 825 53
215 242 48
639 745 32
871 990 51
160 713 5
365 618 57
199 961 52
390 972 52
553 873 83
546 731 34
296 671 51
324 901 39
648 743 43
219 551 47
323 846 72
424 513 77
513 522 32
576 817 62
163 551 65
21 128 18
737 839 62
252 699 11
948 993 55
474 590 57
376 532 47
760 820 47
444 912 25
266 998 30
313 480 65
362 995 62
33 62 69
224 556 12
750 938 5
631 849 38
97 502 49
47 864 35
257 775 35
128 195 53
457 561 59
774 960 15
262 415 47
268 595 61
672 842 61
102 266 71
703 708 49
489 858 35
60 582 41
135 958 14
154 751 62
619 831 43
124 510 52
511 684 28
888 898 33
344 539 57
723 759 49
405 679 71
377 735 12
66 252 47
204 266 46
734 860 31
477 980 50
339 381 11
609 727 36
346 749 43
282 538 44
605 820 30
113 567 19
40 878 21
46 781 23
591 795 25
105 355 59
192 973 41
480 642 56
79 222 45
477 748 50
20 336 87
540 683 33
23 587 74
231 286 21
149 765 21
152 858 42
37 812 29
81 686 32
123 146 50
115 605 56
57 297 22
681 954 42
649 872 52
687 771 8
165 271 24
325 753 42
38 421 60
848 913 42
311 638 80
184 790 64
35 43 28
445 973 24
418 878 49
295 875 20
169 467 25
228 520 59
323 493 26
513 876 77
107 634 50
353 607 36
570 746 33
345 406 56
114 624 51
174 588 44
55 293 9
489 857 14
511 948 46
297 859 46
308 729 35
367 548 26
430 525 6
285 571 69
364 839 29
339 729 23
237 895 57
294 404 34
214 220 30
259 447 40
109 349 36
137 263 47
511 863 59
454 966 41
289 869 54
81 685 35
725 782 46
615 660 33
319 746 32
586 662 34
184 323 35
213 301 92
405 997 45
327 440 36
445 833 60
782 937 49
147 744 64
255 662 50
66 574 32
829 934 39
77 750 64
368 767 56
572 601 25
716 938 60
59 286 50
426 685 26
171 496 25
513 530 58
517 600 58
548 747 29
565 735 32
266 893 58
94 104 50
359 693 46
250 934 59
223 994 26
318 832 34
70 502 46
108 689 55
711 868 42
176 210 43
198 427 70
491 614 40
179 812 28
524 777 47
168 462 45
883 975 43
632 712 23
186 727 34
508 959 51
78 526 49
438 904 37
584 997 83
291 454 20
342 765 43
38 298 45
204 510 43
5 179 44
56 879 34
688 798 21
197 903 45
176 242 8
753 781 18
580 734 41
388 976 18
516 583 56
530 837 32
433 858 30
69 354 53
562 739 35
127 618 17
58 802 50
30 978 56
316 919 35
122 410 52
6 252 14
282 699 19
86 191 8
538 901 20
794 844 53
79 989 59
347 617 35
315 653 37
24 411 44
182 222 68
279 373 39
641 764 21
477 605 28
200 705 74
550 953 26
291 417 63
200 207 26
232 784 63
169 346 45
93 133 62
458 795 10
370 430 16
526 670 38
495 858 20
154 783 40
189 778 22
9 289 27
502 852 52
33 693 59
38 961 68
25 405 67
684 878 48
240 758 13
412 596 51
279 703 48
807 862 20
75 725 34
99 609 30
503 954 20
392 977 48
618 635 45
293 828 31
128 521 53
164 401 35
541 794 42
629 753 28
593 596 40
187 450 37
473 788 62
183 481 32
528 543 44
570 599 26
229 626 57
536 674 45
179 502 42
811 861 35
262 396 25
322 521 53
351 891 52
307 437 30
102 626 45
525 653 12
376 949 16
175 941 40
273 994 52
849 877 54
226 831 70
250 378 30
298 331 27
324 682 39
267 546 85
413 909 22
104 461 8
842 868 43
534 947 21
145 236 44
17 293 57
540 827 39
4 864 46
231 417 51
162 862 38
789 952 33
875 918 65
118 132 50
257 497 14
620 790 67
60 794 22
107 724 66
906 924 33
178 752 31
178 468 43
396 700 33
295 319 46
547 557 59
145 936 24
69 386 46
669 995 53
105 754 38
210 542 34
95 803 4
431 478 78
143 220 21
189 320 44
370 648 28
392 998 28
449 653 59
622 658 39
122 296 75
139 314 21
195 833 9
395 721 44
626 762 37
96 642 32
147 497 68
189 863 40
410 637 59
57 701 52
312 385 66
72 711 45
295 869 58
162 424 67
86 165 36
65 531 68
228 792 78
203 278 12
127 679 27
837 935 60
59 407 49
681 933 27
452 485 54
690 883 21
927 969 69
791 866 53
159 731 27
126 577 25
84 482 51
239 304 24
109 447 60
758 956 31
607 776 14
47 602 54
712 845 27
164 854 48
104 394 60
346 360 45
353 776 37
145 888 12
492 904 50
367 747 14
164 224 2
624 696 38
303 934 24
140 936 71
161 334 28
852 898 48
255 471 42
600 957 29
494 627 35
248 788 49
279 397 35
424 559 63
426 920 42
184 493 56
235 288 41
139 789 50
948 956 43
281 643 61
278 990 27
336 919 38
247 842 29
65 462 34
328 605 57
402 985 57
25 635 47
618 625 30
139 557 50
191 368 47
449 743 31
22 699 7
205 456 27
119 232 27
432 706 28
133 486 40
541 582 41
107 483 72
186 885 32
52 318 54
119 125 22
206 224 51
610 988 18
694 786 58
222 846 50
253 615 25
286 357 39
17 732 64
209 328 25
69 862 43
531 537 58
631 780 50
71 95 43
177 277 47
232 712 17
417 454 43
806 919 58
149 361 54
395 931 30
388 887 58
30 480 36
129 175 48
294 826 39
254 846 39
312 790 62
531 745 64
208 710 42
201 327 52
335 811 32
243 718 61
329 429 32
389 914 50
518 749 63
292 373 15
256 436 30
131 324 33
529 829 47
23 459 65
115 488 51
766 964 24
846 989 21
70 97 54
118 991 80
78 690 93
116 538 54
654 850 50
55 828 38
247 902 1
521 740 49
252 686 21
316 359 35
31 162 10
148 757 53
406 652 39
291 952 24
148 747 8
54 685 49
709 736 43
338 563 65
8 570 24
61 976 19
406 617 58
71 125 15
39 97 21
376 660 36
601 884 67
468 596 60
87 498 64
146 954 30
17 80 59
139 891 45
542 766 25
325 649 46
506 536 47
264 747 52
745 885 45
423 813 67
445 884 40
248 364 55
59 340 22
194 919 41
493 801 27
406 757 51
427 917 65
314 345 34
833 973 37
568 989 9
377 458 60
227 716 44
583 612 62
604 667 60
515 747 58
1 173 4
660 955 60
39 666 19
483 634 24
895 939 42
314 713 29
339 435 51
292 473 59
81 597 47
357 557 21
362 382 42
81 472 52
442 867 61
984 985 11
273 758 15
22 81 39
685 841 18
189 722 39
133 749 50
630 725 34
74 698 25
230 542 47
55 396 36
21 969 9
214 861 56
278 630 44
233 482 34
495 649 37
19 32 55
190 581 20
129 941 63
287 719 52
623 650 52
19 590 53
163 959 29
152 179 59
574 730 63
276 918 18
374 954 33
634 909 61
79 120 56
192 884 28
197 314 45
622 877 47
511 722 32
129 871 61
177 403 65
530 726 71
428 966 54
187 212 50
252 459 33
627 873 71
195 884 29
536 558 48
72 247 23
86 831 90
812 946 59
227 917 19
442 628 47
354 828 54
620 763 45
50 422 39
319 571 64
481 571 70
155 566 47
884 979 55
89 536 31
77 297 58
89 714 37
147 705 48
360 592 18
235 824 23
421 436 57
211 321 53
240 708 49
3 190 41
428 734 30
109 712 26
499 624 61
410 662 39
673 965 51
42 859 63
419 670 61
297 750 54
538 699 38
30 638 76
98 678 54
298 961 62
256 761 42
280 917 46
614 766 20
546 870 91
52 778 41
303 644 34
675 909 39
106 956 54
95 109 30
780 849 25
307 422 47
41 168 10
73 966 9
263 268 51
28 319 56
580 966 17
386 700 32
286 496 55
66 238 21
46 719 27
639 970 51
184 610 16
18 416 35
604 912 16
416 487 53
420 815 52
526 616 48
149 388 51
539 681 64
22 459 23
224 607 40
416 936 64
196 384 41
262 490 52
624 840 33
84 871 55
576 728 66
319 875 46
340 874 25
237 299 57
667 912 50
350 623 46
622 780 48
458 565 73
606 844 60
204 930 32
268 778 16
535 653 74
248 848 23
455 543 30
239 799 23
91 277 49
15 978 60
382 898 38
680 936 18
897 915 63
185 715 52
106 994 25
376 485 24
42 427 61
212 824 46
151 923 48
262 293 22
98 818 49
299 609 27
121 393 77
333 486 54
228 312 59
307 379 29
183 902 42
653 874 34
258 793 30
402 992 33
348 489 44
465 662 11
33 919 48
566 610 29
273 708 49
169 592 26
104 519 17
369 759 51
524 929 45
455 785 47
102 188 65
204 484 62
87 787 61
547 769 54
930 998 36
781 857 39
124 413 33
178 995 86
240 273 4
567 768 39
275 923 42
509 651 37
283 642 42
596 739 56
611 828 26
130 267 58
288 661 50
721 783 70
196 626 20
4 331 58
104 734 39
212 235 27
261 312 34
287 495 54
716 733 52
450 520 53
829 855 32
92 864 23
124 188 49
24 702 36
62 531 71
524 709 31
358 876 29
330 873 33
675 998 41
64 376 46
384 411 50
527 983 8
151 736 22
464 590 49
50 76 38
24 26 22
60 420 40
344 787 62
202 760 52
302 521 41
99 561 48
164 607 41
210 395 58
509 771 64
116 730 39
123 503 49
457 639 16
51 238 46
213 435 47
310 768 52
192 940 33
101 281 28
244 866 17
350 933 34
383 853 54
593 872 34
275 827 13
557 654 36
105 646 67
29 170 38
87 999 40
356 630 52
299 727 17
328 488 39
466 596 26
697 876 35
153 635 21
242 837 55
124 742 45
548 808 28
101 345 26
16 896 22
506 749 34
383 959 49
522 687 68
771 793 49
642 696 66
9 689 29
27 223 28
173 550 12
897 919 65
429 521 80
217 742 57
710 843 51
500 728 47
389 927 35
33 492 36
54 409 63
391 1000 53
426 573 46
407 723 20
188 634 48
276 829 45
598 687 80
712 803 47
355 554 22
338 584 73
384 627 27
536 823 38
125 232 40
7 695 28
247 986 41
33 754 49
404 466 46
178 412 49
425 939 32
22 282 16
365 819 55
672 986 51
413 510 52
279 984 41
181 670 18
57 77 69
150 481 50
695 830 42
141 901 40
353 843 57
165 332 54
167 742 67
146 585 58
556 589 6
571 892 47
455 956 54
52 595 43
282 459 26
455 528 21
667 902 48
199 765 67
417 896 42
128 211 29
315 759 38
41 126 15
177 603 36
8 361 54
442 724 69
299 561 50
432 849 30
97 812 61
287 812 58
388 868 49
451 759 26
226 767 52
241 600 39
500 576 42
886 978 57
477 760 42
537 609 48
10 916 17
309 855 22
156 663 38
229 413 50
716 859 57
67 226 50
228 590 43
667 894 62
290 410 52
60 144 52
14 775 42
267 653 70
393 818 78
27 253 13
360 558 51
632 889 27
488 979 40
233 871 51
270 999 42
193 629 51
137 268 10
276 855 19
849 972 42
111 805 50
790 982 27
362 680 48
89 823 11
170 612 65
254 475 5
73 291 33
329 535 31
160 454 47
439 903 42
651 721 80
580 952 46
81 682 29
49 351 34
372 721 9
34 460 42
480 804 62
297 441 40
270 344 60
245 733 54
591 732 34
347 652 64
592 823 41
102 196 53
44 741 22
455 511 56
611 847 15
192 782 50
91 475 12
533 694 9
92 814 57
29 137 50
420 606 27
491 736 40
557 643 66
43 991 58
32 274 56
813 915 22
308 817 35
157 185 36
19 49 24
114 311 57
499 554 59
301 958 45
501 888 77
215 586 5
687 981 68
818 870 45
19 306 30
311 642 35
369 907 45
544 794 61
542 555 51
93 530 52
78 550 25
59 130 44
684 785 53
900 912 57
123 374 32
322 429 28
462 577 55
146 344 64
21 914 64
776 943 45
146 539 10
566 988 30
457 885 61
132 638 41
252 282 28
895 985 54
94 747 30
316 915 57
361 746 67
375 780 40
430 653 10
504 772 37
259 678 51
197 580 34
4 763 53
8 746 54
47 986 37
244 295 45
15 485 63
22 901 24
381 576 16
168 564 51
49 515 39
385 405 75
422 836 30
174 1000 62
740 969 56
588 977 40
5 913 34
482 907 41
621 996 39
143 822 40
364 673 70
371 990 56
51 87 13
366 861 38
171 996 39
467 782 40
691 942 62
454 580 42
501 995 16
201 921 58
556 854 51
486 676 28
297 716 47
321 942 36
548 757 41
81 573 46
7 144 35
771 876 62
203 725 36
266 762 67
135 767 40
109 803 27
680 898 38
186 531 49
844 854 55
581 622 17
27 994 11
18 382 15
190 658 31
230 614 20
507 582 58
265 568 32
187 819 48
86 619 49
49 306 49
256 497 44
144 640 26
294 325 33
186 299 49
555 614 55
111 294 19
304 630 43
454 903 48
898 936 27
219 717 53
28 658 38
393 743 55
786 802 47
102 204 79
53 58 9
63 529 15
358 598 21
25 801 62
7 815 44
499 646 66
98 803 66
78 181 75
30 96 39
388 602 40
582 608 41
57 259 61
155 925 64
76 540 44
498 836 51
85 452 62
203 239 24
610 801 53
164 556 12
293 490 31
514 962 55
523 814 59
202 477 50
336 806 62
29 832 53
268 583 61
240 802 27
246 645 65
385 625 12
756 815 48
295 570 65
51 305 49
505 894 55
55 490 36
718 982 15
151 585 44
243 790 27
362 501 48
471 662 45
512 764 32
173 463 60
95 232 36
78 953 28
326 490 6
451 723 37
511 785 39
220 745 63
830 844 23
905 944 61
352 931 28
413 634 41
57 859 28
290 471 23
230 465 33
23 426 72
171 759 43
1 690 89
4 887 25
46 965 32
511 613 53
26 83 57
196 762 44
386 807 43
1 456 43
16 407 49
44 90 40
324 538 39
355 646 18
14 421 13
103 302 23
21 942 58
251 529 29
346 486 19
91 419 68
673 939 57
176 542 16
387 838 12
584 679 55
535 941 39
516 612 15
681 827 51
777 964 33
948 960 51
608 640 5
436 865 23
317 595 68
481 892 25
554 813 43
274 617 36
368 919 30
81 426 50
564 577 19
7 217 42
247 667 48
962 978 29
249 537 30
485 660 53
399 771 43
770 919 51
736 777 42
230 352 37
726 771 72
43 480 45
102 229 32
149 944 62
122 945 61
269 931 42
509 935 55
46 698 40
415 847 20
50 270 29
833 979 49
551 588 34
202 458 68
409 426 28
827 929 27
238 305 15
513 518 58
64 660 51
423 840 30
224 867 36
116 630 41
334 620 40
507 853 26
243 988 67
904 915 51
820 980 36
241 988 46
14 38 48
131 686 42
460 636 46
512 727 60
28 570 73
172 399 48
540 999 38
79 419 65
139 417 52
152 502 58
724 773 79
668 798 17
118 313 54
16 713 26
330 411 59
520 652 57
241 493 80
389 969 36
17 326 55
293 611 55
81 459 27
12 694 25
345 769 52
96 283 15
70 852 7
264 548 48
387 706 19
291 789 40
34 644 54
692 911 78
316 492 49
443 680 65
35 132 27
242 491 14
277 957 59
466 826 37
437 709 50
139 345 17
170 317 55
194 368 43
373 774 36
579 813 51
77 232 56
552 865 52
79 177 33
369 407 45
185 409 30
62 246 12
181 182 83
467 937 50
497 569 39
307 623 30
531 764 59
89 558 38
543 684 54
19 187 28
801 925 38
222 568 37
757 808 48
316 904 6
418 992 54
513 771 38
719 857 23
833 940 42
97 946 52
188 998 59
249 641 21
437 683 47
56 965 43
582 794 48
50 999 15
775 905 22
499 579 14
306 824 29
355 499 49
716 917 53
145 898 37
161 814 46
658 983 24
485 532 44
345 821 29
24 174 60
372 945 55
87 659 45
154 945 48
108 599 56
350 681 44
263 863 58
241 523 52
300 953 73
915 919 51
285 667 33
359 770 52
785 948 8
218 503 54
803 818 80
128 328 42
7 60 18
350 650 34
731 987 46
629 965 29
105 970 65
456 690 46
140 809 40
666 776 47
92 842 53
498 592 56
171 451 24
222 419 61
469 929 47
344 659 70
165 368 64
564 962 32
113 768 21
128 488 7
26 627 25
176 964 45
252 901 25
239 278 34
322 535 69
414 835 30
66 87 49
113 460 26
327 934 46
756 967 53
4 880 11
544 830 56
122 671 24
174 702 24
870 987 69
269 837 57
213 656 64
90 645 50
710 849 46
34 825 36
20 226 25
324 686 47
822 861 36
571 599 43
362 655 62
652 757 44
673 879 32
797 930 25
6 699 4
112 525 20
414 461 61
172 513 73
479 505 49
628 724 46
587 863 41
205 953 65
439 747 17
562 741 38
592 836 54
387 636 28
175 521 56
44 645 48
315 430 30
351 757 21
491 766 20
61 887 52
79 91 34
33 105 25
75 799 35
394 860 61
268 832 58
78 670 67
881 917 50
302 942 27
98 109 92
56 287 11
136 175 40
244 251 30
444 715 49
481 926 38
566 957 51
174 494 60
52 863 14
162 522 60
169 782 64
277 517 46
775 865 31
577 947 53
31 565 63
446 815 25
130 525 25
31 424 60
217 830 42
310 851 56
438 554 31
539 954 31
700 807 74
556 607 44
22 597 31
425 788 18
20 67 74
126 549 17
712 720 29
214 609 55
374 660 52
956 960 38
15 452 11
347 712 53
48 854 71
298 951 53
457 745 17
353 737 42
143 609 44
300 865 41
338 716 64
780 967 13
7 582 23
424 700 63
373 703 24
163 1000 51
59 850 53
277 603 45
593 810 47
301 831 50
178 872 27
890 987 17
269 542 56
197 454 9
580 856 6
11 195 26
659 924 33
309 992 58
153 997 69
924 999 37
237 786 60
9 295 57
394 900 54
107 167 62
74 939 40
910 992 22
459 597 21
180 248 62
256 775 56
80 293 35
701 716 12
167 738 62
221 475 23
689 715 65
453 927 32
333 346 67
142 944 56
565 657 32
26 330 61
158 371 59
96 991 93
45 107 57
275 524 47
710 851 28
331 388 49
375 706 29
81 409 59
891 903 46
596 810 10
68 662 48
579 696 16
82 579 29
133 929 44
126 168 17
458 611 63
330 627 38
485 886 49
714 749 42
267 429 62
784 845 30
64 503 40
468 810 54
657 795 65
55 326 40
564 886 26
478 701 78
664 755 73
375 877 45
306 819 50
111 816 30
243 523 24
134 501 78
171 850 31
286 874 49
85 955 3
84 158 19
308 728 81
88 993 51
446 794 34
82 423 37
234 797 54
430 874 27
26 384 40
609 805 54
528 785 47
433 502 35
577 978 50
649 753 38
238 901 52
520 590 54
646 754 66
286 654 22
94 519 49
338 341 70
120 182 70
138 503 41
125 678 30
495 593 46
893 998 54
89 346 41
258 598 28
554 646 29
104 912 64
542 560 38
551 975 95
37 666 46
754 897 59
448 854 68
182 277 58
32 757 31
244 319 56
304 799 46
789 903 32
604 715 61
264 515 49
120 517 36
755 997 7
102 692 64
106 688 60
276 910 44
618 679 35
353 768 52
170 479 66
199 342 49
705 744 70
82 696 13
254 568 26
217 398 38
522 559 54
619 950 37
98 349 63
4 620 48
628 663 51
179 287 61
578 934 34
164 589 6
508 853 31
906 999 44
644 768 56
62 639 13
86 271 17
275 933 41
414 580 10
70 134 39
492 970 27
561 745 43
428 860 43
549 564 48
11 488 36
476 534 43
149 298 63
869 894 50
24 207 65
180 939 24
274 464 67
70 145 26
432 756 48
441 750 48
392 893 44
429 941 69
614 777 46
58 533 39
103 942 26
112 633 52
309 327 48
164 968 28
497 905 54
600 763 28
14 142 52
298 388 50
193 939 45
16 139 38
533 641 46
566 846 50
110 282 39
248 913 30
258 687 58
362 936 35
355 915 47
393 987 69
517 957 50
6 324 50
103 322 65
141 305 15
127 625 45
201 248 66
586 614 10
17 828 28
198 755 21
482 759 28
339 380 57
416 655 63
339 817 58
169 536 23
291 414 33
130 449 45
151 503 47
409 920 28
124 483 58
153 755 67
625 801 63
515 548 32
44 335 38
116 498 23
99 143 27
754 915 47
619 767 22
206 867 22
214 366 19
293 847 43
601 677 68
620 880 51
168 549 4
541 695 25
367 439 31
482 621 53
50 659 46
107 908 62
313 962 58
587 613 44
112 370 31
6 282 15
450 474 51
370 525 12
105 904 36
521 942 22
441 938 47
235 819 39
361 570 61
443 448 69
170 268 59
260 460 11
362 898 11
174 893 52
389 979 44
914 927 44
9 612 8
143 214 14
175 322 24
660 949 51
467 823 9
505 869 42
410 671 74
449 731 46
363 844 41
909 930 37
82 813 77
101 654 54
21 328 28
335 381 60
269 560 37
481 868 33
261 365 44
289 516 25
404 719 45
378 829 18
65 533 60
629 649 43
57 733 71
5 364 12
295 866 56
9 505 16
220 366 47
740 833 58
251 875 54
532 798 20
131 282 35
565 760 37
525 545 53
506 677 60
81 131 29
39 70 49
212 718 48
209 748 47
765 892 52
208 644 50
51 787 58
43 132 50
76 592 51
708 960 19
38 120 58
475 846 42
744 959 57
412 655 69
648 653 37
716 881 66
58 694 38
252 597 32
10 668 57
54 920 36
152 719 51
424 876 53
148 439 12
169 360 10
190 622 35
48 773 31
345 896 31
303 578 42
623 933 14
730 999 46
421 905 35
2 26 82
390 756 41
126 534 48
725 990 29
112 430 16
419 526 68
708 948 35
213 811 63
442 738 41
157 317 42
257 761 61
657 862 59
490 828 43
307 827 27
673 788 39
183 711 53
20 191 48
170 583 4
68 783 32
37 179 51
33 770 56
73 734 48
59 370 21
74 629 56
416 501 27
35 638 15
400 801 50
592 674 23
21 740 51
69 700 62
66 141 19
474 647 60
110 597 50
166 232 55
497 552 50
2 911 84
85 660 59
889 974 13
326 415 29
20 619 57
118 804 53
346 714 10
557 769 24
77 447 53
276 772 58
601 748 29
100 627 43
206 556 39
42 881 65
225 758 26
555 560 14
562 861 56
56 673 51
238 574 48
233 371 44
139 160 26
286 713 54
1 205 25
591 847 58
383 717 42
71 119 36
650 933 40
335 656 40
55 80 41
229 762 38
