2000 6000
1 2 1
1 22 10
1 1488 2
1 1792 7
2 3 1
2 124 9
2 516 8
2 1349 4
3 4 1
3 291 5
3 1195 9
3 1695 8
4 5 1
4 199 3
4 243 2
4 1686 8
5 6 1
5 251 10
5 1512 8
5 1616 4
6 7 1
6 741 5
7 8 1
7 821 5
7 890 3
7 1307 7
7 1503 3
8 9 1
9 10 1
9 27 10
9 238 6
9 320 10
9 1994 3
10 11 1
10 1178 6
11 12 1
11 325 10
11 520 10
11 717 4
11 803 5
11 834 5
11 882 7
11 978 4
11 1137 9
11 1830 7
11 1914 2
12 13 1
12 138 6
12 809 3
12 1453 2
12 1562 8
12 1654 9
12 1785 6
13 14 1
14 15 1
14 182 8
14 503 9
14 616 5
14 999 7
14 1001 2
14 1258 10
14 1692 7
15 16 1
15 308 7
15 319 6
15 402 8
15 1065 8
15 1534 2
15 1622 8
15 1632 10
16 17 1
16 1925 7
17 18 1
17 317 3
17 1864 8
18 19 1
18 731 6
18 1096 9
18 1378 3
19 20 1
19 568 4
19 614 8
19 901 9
20 21 1
20 126 6
20 251 7
20 454 2
20 531 10
20 1098 6
20 1847 4
21 22 1
21 152 7
21 561 3
21 612 4
21 651 8
21 1206 5
21 1686 10
22 23 1
22 78 6
22 176 9
22 414 10
22 1368 3
22 1691 4
23 24 1
23 1189 6
23 1410 7
24 25 1
24 276 3
24 753 3
24 1312 5
25 26 1
25 583 7
25 592 9
25 843 3
25 1381 5
26 27 1
26 158 8
26 211 3
26 240 3
26 940 9
27 28 1
27 368 9
27 436 5
27 1888 6
27 1906 5
27 1971 9
28 29 1
28 352 9
28 1572 5
28 1693 2
28 1696 7
29 30 1
29 704 3
29 1263 5
29 1288 5
29 1472 10
30 31 1
30 309 9
30 353 2
30 572 8
30 1058 8
30 1519 3
31 32 1
31 42 10
31 343 6
31 356 8
31 1011 5
32 33 1
32 67 2
32 235 10
32 342 3
32 930 2
32 1061 3
33 34 1
33 1328 4
33 1872 4
34 35 1
34 619 6
34 1832 9
34 1980 2
35 36 1
35 1298 7
36 37 1
36 915 7
36 1018 8
36 1743 7
36 1892 9
37 38 1
37 874 5
37 1120 2
37 1319 2
37 1718 3
38 39 1
38 711 7
38 1453 7
39 40 1
39 160 9
39 1015 8
39 1082 8
39 1602 8
39 1809 7
40 41 1
40 1340 9
40 1677 5
41 42 1
41 705 8
41 1561 8
41 1603 2
41 1761 9
41 1947 2
42 43 1
42 547 9
43 44 1
43 183 5
43 331 6
43 787 3
43 1942 2
44 45 1
44 253 2
44 477 3
44 1181 6
44 1624 4
44 1908 2
45 46 1
45 1123 8
45 1581 6
45 1620 4
45 1630 8
46 47 1
46 381 3
46 500 2
46 1205 7
46 1786 5
47 48 1
47 401 3
47 459 6
47 680 5
47 1183 6
47 1522 8
47 1778 8
47 1937 7
48 49 1
48 58 10
48 461 9
48 1098 10
48 1285 3
49 50 1
49 660 8
49 1203 8
49 1269 3
49 1464 9
49 1538 5
50 51 1
50 465 8
50 472 5
50 850 10
50 1414 4
50 1655 7
51 52 1
51 669 7
51 1706 10
52 53 1
52 365 7
52 1037 9
52 1886 8
53 54 1
53 896 2
53 1233 3
54 55 1
54 453 7
54 583 3
54 1408 7
54 1562 6
54 1585 5
54 1920 7
54 1975 5
55 56 1
55 383 5
55 460 2
55 1389 4
55 1760 5
55 1961 8
56 57 1
56 372 2
57 58 1
57 945 10
57 1266 10
57 1424 2
57 1551 7
58 59 1
58 126 2
58 304 6
58 491 6
58 864 2
58 983 8
58 1621 4
59 60 1
59 72 7
59 245 6
59 1215 4
59 1525 3
60 61 1
60 167 9
60 186 4
60 267 9
60 280 6
60 459 2
60 596 6
60 757 4
61 62 1
61 204 2
61 320 4
61 671 4
61 1490 7
61 1933 9
62 63 1
62 301 7
62 1137 3
62 1338 2
63 64 1
64 65 1
64 1020 5
64 1104 9
64 1274 4
64 1773 5
65 66 1
65 535 3
65 1110 7
65 1164 8
65 1454 6
65 1846 4
66 67 1
66 262 9
66 1418 2
66 1653 3
66 1693 9
67 68 1
67 826 3
67 837 2
67 970 4
67 1030 7
67 1088 6
68 69 1
68 1766 7
69 70 1
69 417 4
69 872 10
69 1326 6
70 71 1
70 502 3
70 558 3
70 1322 9
70 1617 6
70 1781 8
71 72 1
72 73 1
72 212 3
72 535 8
72 1449 7
73 74 1
73 1018 10
74 75 1
74 396 2
74 482 9
74 942 2
74 964 6
74 1218 4
74 1732 2
74 1908 3
75 76 1
75 448 5
75 659 8
75 1484 9
75 1499 10
76 77 1
76 173 10
76 298 2
76 486 5
76 575 9
76 596 9
76 1835 10
76 1857 10
76 1945 8
76 1979 7
77 78 1
77 1497 8
77 1608 5
77 1735 3
78 79 1
78 194 9
78 1164 9
78 1248 8
78 1315 5
78 1911 8
79 80 1
79 301 3
79 738 10
79 822 6
79 1117 4
80 81 1
80 1261 6
80 1814 8
81 82 1
81 264 5
81 1136 8
81 1825 4
81 1841 9
82 83 1
82 507 10
82 577 3
82 745 6
82 1825 8
83 84 1
83 191 10
83 274 8
83 364 6
83 615 5
84 85 1
84 373 2
84 905 7
84 1084 3
84 1268 7
85 86 1
85 649 4
85 654 10
85 1189 4
85 1202 5
86 87 1
86 926 2
86 1134 5
86 1482 3
87 88 1
87 1686 6
87 1962 9
87 1985 9
88 89 1
88 1860 7
89 90 1
89 136 6
89 214 2
89 1792 10
89 1835 4
90 91 1
90 138 5
90 524 4
90 1425 6
90 1574 4
90 1998 2
91 92 1
91 433 6
91 856 2
91 1633 2
91 1910 3
92 93 1
92 565 5
92 755 6
92 947 2
92 1893 5
93 94 1
93 139 2
93 225 2
93 1207 9
93 1480 3
94 95 1
94 99 7
94 459 10
94 577 4
94 594 2
94 848 7
94 1164 2
94 1566 4
94 1789 7
95 96 1
96 97 1
96 563 8
96 1576 10
96 1806 2
97 98 1
97 570 8
97 1141 2
97 1255 8
98 99 1
98 254 3
98 609 8
99 100 1
99 227 6
99 699 10
99 1837 4
100 101 1
100 594 6
100 891 9
100 1582 8
100 1919 6
101 102 1
101 224 8
101 379 4
101 751 5
101 1329 8
102 103 1
102 312 10
102 822 8
103 104 1
103 515 4
103 752 7
103 1396 5
104 105 1
104 314 8
104 1447 9
105 106 1
105 684 2
106 107 1
106 1635 9
106 1697 8
106 1819 3
107 108 1
107 121 7
107 415 5
107 1146 6
107 1300 4
107 1353 7
107 1390 7
108 109 1
108 344 9
108 910 2
108 1091 6
109 110 1
109 236 2
109 387 4
109 567 5
109 684 9
109 953 2
109 1001 6
109 1256 7
109 1881 7
109 1983 2
110 111 1
110 507 6
110 636 8
110 1547 8
111 112 1
111 438 5
111 625 10
111 762 3
111 1077 8
111 1105 5
111 1124 2
111 1321 7
112 113 1
112 471 4
112 568 3
112 1316 6
112 1646 7
112 1759 8
112 1824 8
112 1869 6
113 114 1
113 174 6
113 618 8
113 669 5
113 1338 7
114 115 1
114 1295 3
114 1984 8
115 116 1
115 341 6
115 500 10
115 546 8
115 695 7
115 909 2
115 1038 8
115 1268 5
115 1530 4
115 1933 7
116 117 1
116 720 5
116 1897 3
117 118 1
117 260 9
117 1665 3
117 1923 5
118 119 1
118 487 10
118 665 2
118 729 2
119 120 1
119 1427 8
120 121 1
120 1192 4
120 1254 3
121 122 1
121 1572 9
121 1660 7
122 123 1
122 1215 9
123 124 1
123 282 7
123 442 6
123 572 8
123 729 4
123 1805 2
124 125 1
124 529 6
124 582 5
125 126 1
125 552 7
125 1152 7
125 1950 6
125 1996 2
126 127 1
126 806 2
126 982 10
126 1280 9
126 1289 9
127 128 1
127 637 10
127 1663 6
128 129 1
128 757 10
128 1918 7
129 130 1
129 475 6
129 637 3
130 131 1
130 688 3
130 1342 2
130 1648 5
131 132 1
131 453 6
131 549 8
131 1001 10
131 1095 8
131 1776 8
132 133 1
132 181 6
132 701 2
132 1890 2
133 134 1
133 745 5
133 1638 6
133 1782 9
133 1832 2
134 135 1
134 396 10
134 434 2
134 974 3
134 1205 4
134 1528 4
135 136 1
135 209 2
135 367 8
135 992 2
135 1090 3
136 137 1
136 451 6
136 687 8
136 787 7
136 790 6
136 834 7
136 1037 7
136 1986 4
137 138 1
137 796 6
137 1350 2
138 139 1
138 235 2
138 556 10
138 1161 10
138 1444 10
138 1669 3
139 140 1
139 651 10
139 687 2
139 715 2
139 784 5
139 1619 6
139 1680 8
140 141 1
140 331 6
140 1701 9
140 1787 4
141 142 1
141 385 6
141 1609 7
142 143 1
142 329 10
143 144 1
143 294 3
143 963 3
143 1226 3
143 1867 8
143 1933 3
144 145 1
144 932 2
144 1954 5
145 146 1
145 709 8
145 1171 6
145 1524 10
146 147 1
146 183 4
146 638 7
146 1790 3
146 1834 5
147 148 1
147 711 9
147 1113 9
147 1315 8
148 149 1
148 683 4
148 801 10
148 1771 7
148 1895 2
149 150 1
150 151 1
150 196 10
150 272 10
150 1309 9
151 152 1
151 997 3
152 153 1
152 1034 8
153 154 1
153 1127 6
153 1490 7
153 1962 5
154 155 1
154 541 7
154 752 4
155 156 1
155 1490 2
156 157 1
156 1136 4
157 158 1
157 669 7
157 732 7
157 756 3
157 1129 2
157 1557 10
158 159 1
158 1054 6
158 1345 3
158 1805 4
159 160 1
159 191 9
159 224 10
159 345 2
159 486 5
159 554 3
159 1214 4
159 1433 8
159 1504 7
159 1874 5
159 1957 5
160 161 1
160 743 7
160 757 10
160 1424 3
160 1481 4
160 1835 2
161 162 1
161 573 5
161 871 3
161 1598 2
161 1822 8
161 1995 9
162 163 1
162 290 5
163 164 1
163 332 7
163 539 8
163 896 9
163 1232 2
163 1300 3
163 1410 9
163 1788 2
164 165 1
164 601 3
164 742 7
164 820 10
164 1948 7
165 166 1
165 179 8
165 677 4
165 1228 8
165 1723 9
165 1775 9
166 167 1
167 168 1
167 837 8
167 943 5
167 1613 3
168 169 1
168 189 2
168 686 2
169 170 1
169 672 9
169 1180 3
170 171 1
170 239 3
170 564 4
170 860 3
170 975 2
170 1124 5
171 172 1
171 451 4
171 665 10
171 708 5
171 766 8
171 853 6
171 906 9
171 1144 2
171 1567 3
172 173 1
172 291 3
172 312 2
172 354 9
172 596 9
172 914 10
172 1190 8
173 174 1
173 359 10
173 726 8
173 849 7
173 1342 8
173 1982 4
174 175 1
174 256 10
174 282 8
174 405 10
174 997 9
174 1214 3
174 1523 6
174 1653 10
174 1766 3
175 176 1
175 351 6
175 817 10
176 177 1
176 224 4
176 512 10
176 625 6
176 1940 5
177 178 1
177 391 6
177 874 8
177 1193 2
177 1754 4
178 179 1
178 848 9
179 180 1
179 1440 5
179 1632 6
180 181 1
180 229 3
180 991 6
180 1495 8
180 1651 3
181 182 1
181 239 3
181 382 5
182 183 1
182 1548 4
183 184 1
183 1194 2
183 1312 7
183 1639 8
183 1858 9
183 1963 7
184 185 1
184 616 8
184 650 10
184 1331 2
184 1574 4
184 1649 9
185 186 1
185 393 6
185 455 8
185 477 4
185 617 5
185 895 5
185 1550 8
185 1883 10
186 187 1
186 297 7
186 446 4
186 1046 8
186 1052 5
186 1327 2
186 1480 10
186 1630 7
186 1988 6
187 188 1
187 234 9
187 235 3
187 1402 7
187 1510 6
187 1648 4
187 1771 2
188 189 1
188 356 10
188 410 2
188 1405 7
188 1904 4
189 190 1
189 463 6
189 1169 8
190 191 1
190 817 6
190 1004 7
190 1833 8
190 1871 9
191 192 1
191 352 3
191 438 10
191 456 8
191 892 7
191 988 4
191 1933 6
192 193 1
192 1016 4
192 1371 7
193 194 1
193 1022 9
193 1422 10
193 1588 3
193 1866 7
194 195 1
194 259 4
194 1387 7
194 1567 4
195 196 1
196 197 1
196 211 3
196 1084 7
196 1149 4
196 1508 8
196 1565 9
197 198 1
197 284 10
197 289 5
197 1095 7
197 1265 8
198 199 1
198 227 10
198 475 3
198 1241 4
199 200 1
199 208 5
199 433 10
199 454 5
199 542 7
199 811 5
199 1065 5
199 1371 2
200 201 1
200 644 10
200 780 8
200 807 4
200 934 6
200 1649 2
200 1880 10
201 202 1
201 931 4
202 203 1
202 243 3
202 951 10
202 1644 6
203 204 1
203 393 2
203 816 4
203 1679 2
203 1896 3
204 205 1
204 667 3
204 712 6
204 1454 7
204 1455 4
205 206 1
205 274 8
205 405 10
205 416 6
205 706 9
205 1236 8
205 1298 9
205 1368 9
205 1668 6
206 207 1
206 440 10
206 888 10
206 1484 10
206 1652 2
207 208 1
207 611 3
207 801 9
207 1029 4
207 1522 4
208 209 1
208 883 9
208 1866 2
209 210 1
209 460 6
209 1460 10
210 211 1
210 447 4
210 1028 8
210 1053 5
210 1155 4
211 212 1
211 446 10
211 967 6
211 1041 8
211 1048 8
211 1116 6
211 1292 8
211 1497 5
212 213 1
212 1067 6
213 214 1
213 299 6
213 419 9
213 1017 10
213 1076 9
213 1654 2
214 215 1
214 1032 2
214 1809 4
215 216 1
216 217 1
216 662 8
216 1039 4
216 1377 8
216 1843 4
216 1887 8
217 218 1
217 731 7
217 786 2
217 891 2
217 1291 7
217 1997 3
218 219 1
218 234 9
218 1248 5
218 1817 4
219 220 1
219 270 4
219 296 4
219 810 2
219 1145 3
220 221 1
220 291 6
220 414 9
221 222 1
221 403 2
221 863 8
221 970 5
221 1052 10
221 1431 9
221 1771 2
222 223 1
222 251 6
222 1309 6
222 1464 9
222 1499 8
223 224 1
223 271 2
223 553 3
223 899 9
223 1595 5
224 225 1
224 338 6
224 1067 9
224 1154 6
224 1303 7
224 1654 10
225 226 1
225 270 3
225 1764 6
226 227 1
226 248 7
226 591 2
226 624 6
226 1089 10
226 1526 5
226 1887 2
226 1943 9
227 228 1
227 389 6
227 433 6
227 1305 9
227 1500 2
228 229 1
228 588 4
228 941 3
228 1314 7
228 1782 6
228 1836 4
228 1964 5
229 230 1
229 1221 7
229 1550 4
230 231 1
230 359 7
230 391 2
230 484 10
230 1428 4
231 232 1
231 449 6
231 553 10
231 1376 8
231 1515 2
231 1632 4
232 233 1
232 369 10
232 909 10
232 1560 7
232 1994 5
233 234 1
233 1106 9
233 1898 4
234 235 1
234 1405 7
234 1517 9
234 1952 2
235 236 1
235 369 7
235 477 2
235 571 9
235 1213 9
235 1453 4
236 237 1
236 1571 6
236 1841 5
237 238 1
237 283 9
237 531 6
237 789 6
238 239 1
238 361 9
238 894 9
238 1095 2
239 240 1
239 341 4
239 988 6
239 1677 4
239 1977 5
240 241 1
240 631 2
240 642 2
240 1940 10
241 242 1
241 608 8
241 1056 7
241 1086 3
241 1375 6
241 1557 5
241 1841 4
241 1971 4
241 1999 7
242 243 1
242 719 7
242 1291 5
242 1838 7
243 244 1
243 296 4
243 340 6
243 460 5
243 739 3
243 831 5
243 1033 8
243 1899 10
244 245 1
244 690 7
244 863 9
244 1131 4
244 1861 6
245 246 1
245 255 9
245 294 8
246 247 1
246 259 7
246 1198 8
246 1885 3
247 248 1
247 470 4
247 612 9
247 937 8
247 1349 10
247 1404 10
248 249 1
248 476 5
248 665 10
248 1466 10
248 1911 10
249 250 1
249 720 5
249 1162 10
249 1502 10
249 1517 10
250 251 1
250 562 10
250 1423 6
250 1897 6
250 1996 5
251 252 1
251 1067 6
252 253 1
252 432 7
252 477 8
252 1431 4
252 1699 9
252 1738 5
253 254 1
253 1377 7
254 255 1
254 716 3
254 842 9
254 955 3
254 1603 5
254 1925 9
255 256 1
255 629 7
255 1340 6
255 1888 8
255 1947 7
256 257 1
256 774 6
256 948 7
256 1186 3
256 1430 8
257 258 1
257 277 2
257 430 4
257 1425 8
257 1491 5
258 259 1
258 826 2
258 1000 5
259 260 1
259 1284 4
259 1702 9
259 1788 10
260 261 1
260 1036 3
260 1418 5
261 262 1
261 466 4
261 765 10
261 1036 9
261 1551 2
261 1603 10
262 263 1
262 373 8
262 393 8
262 639 8
262 824 10
262 1023 6
262 1175 4
262 1603 2
262 1736 6
263 264 1
263 1444 9
263 1715 7
264 265 1
264 456 4
264 569 8
264 794 7
264 1924 8
265 266 1
265 1099 8
265 1239 10
266 267 1
266 531 7
266 599 8
266 1346 6
266 1899 9
266 1939 6
267 268 1
267 783 8
267 1359 7
267 1783 5
267 1873 5
268 269 1
269 270 1
269 1171 5
269 1724 8
269 1809 6
270 271 1
270 579 5
270 776 3
270 1163 3
271 272 1
271 304 7
271 509 3
271 1859 2
271 1909 9
271 1983 10
272 273 1
272 517 6
272 661 6
272 1386 5
273 274 1
273 774 10
273 1785 7
273 1900 6
274 275 1
275 276 1
275 570 7
275 872 6
275 952 10
275 1029 9
275 1961 10
276 277 1
276 1290 10
276 1434 4
276 1442 5
276 1484 6
276 1540 3
276 1830 10
277 278 1
277 912 10
277 1061 6
277 1561 9
277 1863 8
278 279 1
278 513 8
278 806 8
279 280 1
279 1065 9
279 1323 9
279 1363 10
280 281 1
280 374 6
280 458 4
280 575 3
280 938 5
281 282 1
281 504 8
281 1048 9
281 1062 6
281 1771 6
281 1868 10
282 283 1
282 659 5
282 1183 9
282 1489 2
283 284 1
283 1024 5
283 1507 3
283 1643 8
283 1748 3
283 1767 6
283 1895 9
284 285 1
284 686 5
284 1561 10
284 1581 8
284 1643 5
285 286 1
285 768 4
285 973 5
285 1674 9
285 1889 4
286 287 1
286 415 9
286 419 10
286 1389 10
286 1712 3
286 1972 9
287 288 1
287 332 7
287 974 9
287 998 10
287 1182 9
288 289 1
288 572 7
288 965 6
289 290 1
290 291 1
290 561 8
290 595 10
290 826 9
290 1507 9
291 292 1
291 379 5
291 614 5
291 887 6
291 1351 7
291 1496 10
291 1870 5
292 293 1
292 596 9
292 656 8
292 1606 8
293 294 1
293 549 2
293 776 6
293 913 3
293 1231 4
293 1457 8
293 1570 6
293 1668 6
294 295 1
294 338 9
294 1311 6
294 1576 3
294 1953 2
295 296 1
295 375 6
295 426 6
295 681 3
295 1108 8
295 1687 2
295 1764 6
296 297 1
296 1152 9
297 298 1
297 443 9
297 648 6
297 760 6
297 1838 5
298 299 1
298 762 7
299 300 1
299 402 4
299 1277 9
299 1578 2
299 1589 4
299 1623 2
300 301 1
300 886 2
300 1780 5
301 302 1
301 1245 6
301 1551 4
301 1785 2
302 303 1
302 790 7
302 945 3
302 1573 9
303 304 1
303 656 8
303 705 7
303 815 8
303 841 5
303 948 5
303 1493 6
303 1913 9
304 305 1
304 724 6
304 755 9
304 1035 9
304 1069 6
304 1197 2
304 1310 6
304 1766 8
305 306 1
305 616 4
305 1618 7
306 307 1
306 323 6
306 1518 5
307 308 1
307 1157 7
307 1568 4
308 309 1
308 368 9
308 394 2
308 434 4
308 1906 2
309 310 1
309 435 8
309 872 6
309 1017 5
309 1529 6
310 311 1
311 312 1
311 462 7
311 546 7
311 770 5
311 911 9
311 963 9
311 1543 10
312 313 1
312 1596 5
313 314 1
313 621 3
313 1265 10
313 1696 5
313 1963 9
314 315 1
314 1071 3
314 1237 3
315 316 1
315 1477 2
315 1619 7
315 1683 7
316 317 1
316 538 6
316 1326 7
316 1403 10
317 318 1
317 873 6
317 1877 5
318 319 1
318 921 6
318 1954 3
319 320 1
319 533 6
319 705 10
319 914 5
319 1102 5
319 1285 9
319 1461 4
320 321 1
320 729 4
320 1552 3
320 1558 9
320 1596 3
321 322 1
321 664 5
321 1039 7
321 1218 3
322 323 1
322 580 6
322 801 3
322 1171 7
322 1237 4
322 1893 4
323 324 1
323 510 9
323 742 3
323 1999 3
324 325 1
324 512 10
324 1347 10
324 1593 2
324 1609 2
324 1746 4
325 326 1
325 896 5
326 327 1
326 864 9
326 1123 9
326 1237 6
327 328 1
327 414 6
327 914 4
328 329 1
328 1172 5
329 330 1
329 722 10
329 1031 2
329 1324 6
329 1689 6
329 1903 7
330 331 1
330 654 4
330 797 2
330 1656 4
331 332 1
331 366 6
331 488 3
331 595 4
331 1337 3
331 1724 4
332 333 1
332 528 3
332 1065 3
332 1441 9
333 334 1
333 533 8
333 674 3
333 1780 4
334 335 1
334 628 9
334 636 4
334 796 8
334 1110 3
334 1688 4
335 336 1
335 368 8
335 732 2
335 1446 9
335 1671 6
336 337 1
336 396 5
336 592 8
336 1239 8
337 338 1
337 404 7
337 407 7
337 638 5
337 867 6
337 1074 9
337 1582 8
338 339 1
338 1134 9
338 1829 7
339 340 1
339 811 9
339 897 10
339 1179 2
340 341 1
340 901 5
340 1627 5
340 1726 8
340 1774 2
341 342 1
341 405 9
341 945 8
341 1049 6
341 1586 8
341 1957 6
342 343 1
342 384 7
342 432 8
342 1260 6
343 344 1
343 377 2
343 921 2
343 1031 4
343 1042 8
343 1483 2
344 345 1
344 542 7
344 593 2
344 1779 7
345 346 1
345 429 2
345 1110 6
345 1427 7
345 1672 9
346 347 1
346 1546 2
347 348 1
347 1185 2
347 1328 10
347 1390 2
347 1479 7
347 1571 2
348 349 1
348 534 10
348 643 6
348 692 2
348 1008 3
348 1260 2
349 350 1
349 464 3
349 646 3
349 1940 3
350 351 1
350 687 8
350 765 3
350 1015 10
350 1048 10
350 1131 5
350 1543 3
350 1733 6
351 352 1
351 857 7
351 1232 7
351 1354 10
352 353 1
352 670 8
352 867 2
352 1617 6
353 354 1
353 1454 6
354 355 1
355 356 1
355 406 6
355 409 4
355 1302 2
355 1358 3
356 357 1
356 534 7
356 1005 9
356 1492 8
357 358 1
357 449 6
357 1473 7
357 1892 7
358 359 1
358 1237 4
358 1344 4
358 1599 6
358 1696 10
359 360 1
359 544 7
359 751 10
359 834 10
359 849 10
359 968 5
360 361 1
360 681 7
360 988 9
360 1079 6
360 1323 3
360 1655 6
360 1705 5
361 362 1
361 1727 6
362 363 1
362 525 2
362 768 4
362 825 6
362 864 9
362 1019 4
362 1042 6
362 1293 7
363 364 1
363 603 3
363 605 6
363 793 2
363 1133 4
363 1141 6
363 1211 9
363 1899 9
364 365 1
364 1979 9
364 1996 6
365 366 1
365 492 8
365 794 7
365 878 10
365 903 3
365 1455 2
366 367 1
366 402 2
366 574 6
366 1772 4
366 1789 2
367 368 1
367 930 5
367 951 7
367 989 7
367 1444 9
367 1576 2
367 1609 8
367 1839 6
368 369 1
368 855 9
368 905 5
368 1611 4
368 1897 3
368 1936 2
369 370 1
369 903 6
369 1222 9
369 1277 9
369 1843 9
369 1890 10
369 1971 2
370 371 1
370 579 2
370 857 8
370 1623 10
370 1710 4
370 1805 2
371 372 1
371 707 10
371 994 10
371 1710 7
371 1766 4
372 373 1
372 394 6
372 1252 5
373 374 1
373 806 8
373 997 10
374 375 1
374 1495 3
374 1994 4
375 376 1
375 1006 10
375 1536 5
375 1678 9
375 1685 5
375 1940 5
376 377 1
376 1118 8
376 1433 7
377 378 1
377 424 2
377 750 9
377 804 10
377 1291 9
377 1701 2
377 1746 8
377 1947 6
378 379 1
378 421 10
378 651 4
378 1352 8
378 1402 10
379 380 1
379 484 5
379 831 2
379 883 6
379 941 4
379 1374 7
379 1618 7
380 381 1
380 433 3
380 1031 9
380 1398 10
381 382 1
381 409 8
381 412 2
381 498 4
381 651 2
382 383 1
382 1120 2
383 384 1
383 491 5
383 511 6
383 1767 9
384 385 1
384 547 2
384 1124 6
384 1219 3
384 1667 9
384 1871 7
385 386 1
385 657 2
385 999 3
385 1130 5
385 1437 5
386 387 1
386 973 3
386 1748 3
386 1827 9
387 388 1
387 766 8
387 1167 9
387 1304 2
387 1755 3
388 389 1
388 598 3
388 1368 9
388 1538 9
389 390 1
389 597 9
389 1161 4
389 1506 4
389 1628 5
389 1735 8
390 391 1
390 651 10
390 697 9
390 1017 5
390 1522 3
391 392 1
391 634 2
391 657 7
391 1446 4
391 1938 6
392 393 1
392 1354 6
392 1483 7
392 1951 2
393 394 1
393 1737 2
394 395 1
394 1488 9
394 1903 4
395 396 1
395 1204 3
395 1242 2
395 1263 8
395 1957 10
396 397 1
396 516 2
396 1078 5
396 1444 9
396 1502 2
396 1889 6
396 1918 9
397 398 1
397 609 10
397 721 7
397 1053 4
397 1886 8
398 399 1
398 603 5
398 1563 8
398 1703 6
399 400 1
399 586 2
399 1005 7
399 1293 7
399 1753 8
400 401 1
400 645 8
400 1078 2
400 1244 4
400 1713 6
401 402 1
401 410 6
401 422 7
401 705 5
401 1380 6
401 1754 9
402 403 1
402 906 7
403 404 1
403 980 3
403 1502 8
404 405 1
404 406 2
404 1332 7
405 406 1
405 1055 9
405 1589 6
406 407 1
406 408 6
406 1146 9
407 408 1
407 537 4
407 739 2
407 971 3
407 1097 4
407 1949 4
408 409 1
408 859 7
408 944 3
408 1365 9
409 410 1
409 1136 6
409 1404 7
409 1953 3
410 411 1
410 642 8
410 1003 9
410 1162 7
410 1782 8
411 412 1
411 658 5
411 684 5
411 686 2
411 694 8
411 976 9
411 1070 7
411 1809 4
412 413 1
413 414 1
413 462 4
414 415 1
414 565 2
414 602 9
414 1018 3
414 1559 10
414 1572 5
415 416 1
415 688 4
415 1071 10
416 417 1
416 470 5
416 1204 10
416 1327 4
416 1598 8
416 1967 2
417 418 1
417 757 6
417 1299 8
417 1604 4
417 1610 7
418 419 1
418 1098 3
418 1120 10
418 1192 8
418 1547 8
418 1779 6
419 420 1
419 781 8
419 1403 7
419 1552 3
419 1922 4
420 421 1
420 1437 10
421 422 1
421 820 4
421 1319 10
421 1341 7
422 423 1
422 460 8
422 582 5
422 1014 7
422 1015 4
423 424 1
423 460 4
423 737 3
423 1098 3
423 1673 9
424 425 1
424 1183 9
424 1337 4
424 1370 10
424 1754 5
425 426 1
425 450 5
425 518 10
425 701 10
425 1274 6
425 1280 10
425 1978 3
426 427 1
426 467 5
426 1772 9
427 428 1
427 1183 7
427 1667 8
428 429 1
428 490 3
428 698 10
428 1356 6
429 430 1
429 1414 10
429 1490 3
430 431 1
430 584 8
430 899 9
430 1046 3
430 1075 5
430 1534 8
431 432 1
431 610 4
431 1408 8
432 433 1
432 497 5
432 700 9
432 715 10
432 869 8
432 982 4
432 1063 7
432 1091 4
432 1184 7
433 434 1
433 1117 4
433 1768 2
434 435 1
434 457 9
434 1522 8
434 1743 6
435 436 1
435 585 9
435 1233 10
435 1407 8
436 437 1
436 798 9
436 1423 9
436 1432 9
436 1439 9
437 438 1
437 630 10
437 1354 9
438 439 1
438 954 7
438 1312 7
439 440 1
439 589 6
439 769 10
439 1372 6
439 1893 10
439 1987 6
440 441 1
440 976 9
440 1753 7
441 442 1
441 1040 8
441 1208 9
441 1346 7
441 1558 8
441 1925 8
442 443 1
442 847 10
442 1491 9
442 1812 4
443 444 1
443 713 5
443 906 2
443 1076 6
443 1212 7
443 1776 7
443 1935 10
444 445 1
444 1464 2
445 446 1
445 488 9
445 1084 5
446 447 1
446 580 3
446 1307 7
446 1539 8
446 1891 6
447 448 1
447 529 9
447 837 2
447 1648 5
447 1946 4
448 449 1
448 811 6
448 1258 3
448 1832 6
449 450 1
449 596 2
449 1560 9
449 1715 9
450 451 1
450 720 6
450 1016 2
450 1040 9
450 1701 8
451 452 1
451 1504 6
451 1816 6
452 453 1
452 665 6
452 1473 6
452 1826 3
452 1964 3
453 454 1
453 1031 5
454 455 1
454 1173 4
455 456 1
455 689 8
455 760 3
455 1814 4
456 457 1
456 1187 4
456 1521 5
457 458 1
457 796 9
457 1309 5
458 459 1
459 460 1
459 1151 9
459 1184 2
459 1602 10
459 1786 3
459 1814 4
460 461 1
460 1268 4
460 1386 4
461 462 1
461 702 6
461 1851 4
462 463 1
462 696 8
462 804 8
462 1332 7
463 464 1
463 728 4
463 848 5
463 1107 2
463 1135 8
463 1511 8
463 1648 3
463 1810 7
464 465 1
464 565 8
464 964 8
464 1242 5
465 466 1
465 992 7
465 1265 3
465 1410 6
465 1482 5
466 467 1
467 468 1
467 668 3
467 1054 8
467 1305 2
468 469 1
468 643 7
468 1413 9
468 1711 10
468 1840 5
469 470 1
469 1911 6
470 471 1
470 634 5
470 879 9
471 472 1
471 775 8
471 1532 9
471 1752 3
472 473 1
472 721 2
472 1240 9
472 1354 8
472 1596 3
472 1683 8
473 474 1
473 625 10
473 934 7
473 1022 2
474 475 1
474 780 10
475 476 1
475 964 5
475 1463 2
475 1605 5
475 1894 6
476 477 1
476 488 3
476 609 9
476 1222 5
477 478 1
477 794 8
477 1841 10
478 479 1
478 525 6
478 1656 5
478 1771 2
479 480 1
479 778 8
479 972 10
480 481 1
480 757 2
480 1012 7
481 482 1
481 508 6
481 622 5
481 769 10
481 1200 9
481 1230 7
481 1507 5
481 1907 9
482 483 1
482 1573 7
482 1680 10
483 484 1
483 1011 3
483 1143 5
483 1266 9
483 1647 10
484 485 1
484 1027 6
484 1040 3
485 486 1
485 633 8
485 1627 3
486 487 1
486 552 9
486 1511 8
487 488 1
487 1797 7
488 489 1
488 598 2
488 1229 3
489 490 1
489 832 3
489 1272 5
490 491 1
490 737 2
490 985 7
490 1358 4
490 1922 4
491 492 1
491 1281 10
491 1814 4
492 493 1
492 1495 3
493 494 1
493 552 3
493 855 4
493 1247 10
494 495 1
494 499 5
494 813 9
494 1420 9
495 496 1
495 1379 2
495 1459 6
496 497 1
496 1139 8
496 1331 8
496 1632 4
497 498 1
497 505 3
497 702 5
497 979 2
497 1199 5
497 1612 10
498 499 1
498 1437 4
498 1447 3
498 1617 2
498 1637 7
498 1944 4
499 500 1
499 1551 3
499 1709 6
499 1896 2
500 501 1
500 1866 7
501 502 1
501 1038 8
501 1303 2
502 503 1
502 508 6
502 869 4
502 941 9
502 947 3
502 1176 4
502 1542 6
502 1807 10
503 504 1
503 733 3
503 874 9
503 968 3
503 1602 10
503 1633 6
503 1700 9
503 1722 8
504 505 1
504 560 7
504 1798 10
505 506 1
505 1563 10
505 1574 9
506 507 1
506 1818 8
507 508 1
507 521 4
507 667 8
507 1436 8
507 1511 2
507 1789 9
508 509 1
508 671 8
508 1511 3
509 510 1
509 589 3
509 616 2
509 1859 7
510 511 1
510 699 6
510 1241 6
510 1316 5
510 1502 2
510 1663 8
510 1724 10
511 512 1
511 851 4
512 513 1
512 809 4
512 1216 3
512 1249 4
513 514 1
513 664 4
513 1254 3
513 1722 5
513 1922 10
514 515 1
514 1152 2
515 516 1
515 685 9
515 824 10
516 517 1
516 1017 3
516 1059 8
516 1356 3
516 1965 3
517 518 1
517 553 4
517 844 6
517 872 7
518 519 1
518 1259 10
519 520 1
519 604 9
519 1132 8
520 521 1
520 629 7
520 747 9
520 1876 10
521 522 1
521 1935 8
522 523 1
522 728 3
522 1128 3
522 1519 3
522 1914 10
523 524 1
523 1961 7
524 525 1
525 526 1
526 527 1
526 1152 2
527 528 1
527 780 9
528 529 1
528 837 5
528 1118 9
528 1960 10
528 1998 2
529 530 1
529 697 7
529 970 6
529 1433 6
529 1779 9
530 531 1
530 1214 5
530 1537 10
531 532 1
531 622 5
532 533 1
532 746 10
532 1077 7
532 1732 4
532 1780 9
532 1810 2
532 1848 8
532 1912 5
533 534 1
533 740 7
533 1230 4
534 535 1
534 782 4
534 903 7
534 1114 10
534 1241 6
534 1578 2
534 1683 9
535 536 1
535 1170 6
535 1869 2
536 537 1
536 1240 9
536 1301 9
536 1383 7
536 1751 10
536 1829 6
537 538 1
537 1833 4
538 539 1
538 972 4
538 1266 4
539 540 1
539 1011 3
539 1067 2
540 541 1
540 858 10
540 1014 8
540 1503 3
540 1679 10
541 542 1
541 1479 4
541 1786 9
542 543 1
542 1713 4
542 1777 10
543 544 1
543 602 5
543 752 5
544 545 1
544 1322 3
544 1788 5
545 546 1
546 547 1
546 1179 5
546 1591 8
547 548 1
547 948 7
547 1687 6
548 549 1
548 1112 4
548 1418 10
548 1836 4
549 550 1
549 561 9
549 581 6
549 1920 10
550 551 1
550 971 8
550 1154 8
551 552 1
551 741 6
551 1657 8
552 553 1
552 578 4
552 1135 3
552 1586 8
553 554 1
553 1431 4
553 1896 8
554 555 1
554 570 8
554 687 6
555 556 1
555 1232 9
555 1461 4
556 557 1
556 653 4
556 1130 3
556 1404 7
556 1818 9
556 1877 9
557 558 1
557 1767 9
557 1993 3
558 559 1
558 1915 10
559 560 1
559 740 8
559 758 3
559 1810 5
560 561 1
560 784 2
560 1225 6
560 1388 4
561 562 1
561 638 10
561 830 3
561 997 9
561 1421 3
561 1737 9
561 1808 10
562 563 1
562 619 9
562 1228 4
562 1281 2
563 564 1
563 583 8
563 1530 4
563 1829 7
564 565 1
564 1296 9
564 1612 5
564 1757 6
565 566 1
565 1254 8
566 567 1
566 929 10
566 1332 5
566 1597 8
567 568 1
567 587 10
567 1028 2
567 1610 5
567 1838 10
568 569 1
568 1592 2
569 570 1
569 1131 3
569 1508 3
569 1747 5
569 1973 4
570 571 1
570 1247 3
570 1270 10
570 1467 3
571 572 1
571 1149 9
571 1608 6
572 573 1
573 574 1
573 924 4
573 1694 10
574 575 1
574 815 5
574 1861 3
575 576 1
575 745 7
575 1638 6
575 1722 2
575 1724 4
575 2000 7
576 577 1
576 1554 7
577 578 1
577 1414 6
578 579 1
578 996 3
578 1327 2
578 1638 5
578 1975 4
579 580 1
580 581 1
580 1256 7
580 1489 6
580 1688 5
580 1794 4
580 1840 8
580 1849 6
581 582 1
581 1226 10
581 1232 4
581 1299 3
581 1821 5
582 583 1
582 1511 9
582 1949 6
583 584 1
583 1221 2
583 1488 10
583 1570 7
583 1859 10
584 585 1
584 1326 4
584 1329 10
584 1389 6
584 1731 8
585 586 1
585 662 8
585 1181 9
586 587 1
587 588 1
587 1257 9
587 1458 2
587 1692 9
588 589 1
588 700 10
588 705 9
588 993 3
588 1029 6
588 1343 5
588 1446 4
589 590 1
590 591 1
590 1305 6
590 1529 9
590 1983 3
591 592 1
591 820 2
591 1788 4
591 1924 6
591 1989 2
592 593 1
592 1283 4
593 594 1
593 1135 9
593 1552 9
594 595 1
594 1171 2
594 1368 8
594 1611 8
595 596 1
595 613 9
595 1452 5
595 1642 4
595 2000 6
596 597 1
596 695 7
596 770 4
596 1684 9
596 1752 8
597 598 1
597 756 2
597 772 8
597 1014 8
597 1338 6
597 1351 10
598 599 1
598 623 7
598 1345 2
598 1366 3
599 600 1
599 1492 9
599 1793 9
599 1843 9
600 601 1
600 965 4
600 1635 5
600 1663 8
600 1777 8
600 1780 5
601 602 1
601 731 8
601 854 10
602 603 1
603 604 1
603 622 9
603 1031 7
603 1256 2
603 1336 9
603 1475 6
604 605 1
604 943 4
604 1112 9
604 1167 8
604 1379 4
604 1706 7
604 1726 10
605 606 1
605 702 9
605 911 10
605 1881 3
606 607 1
606 692 8
606 735 5
606 876 2
606 986 3
606 1993 8
607 608 1
607 1383 2
607 1451 6
607 1570 3
608 609 1
608 1022 5
609 610 1
610 611 1
610 1303 2
611 612 1
611 799 3
611 920 2
611 1790 9
612 613 1
612 725 3
612 745 10
612 1171 4
612 1427 9
613 614 1
613 718 6
613 767 7
613 1574 7
613 1670 4
614 615 1
614 668 2
614 1168 6
614 1262 8
614 1578 6
615 616 1
615 1038 10
615 1166 2
615 1798 5
616 617 1
616 1695 3
617 618 1
617 1287 6
617 1455 7
617 1482 6
618 619 1
618 630 3
618 842 9
618 1093 3
618 1486 9
619 620 1
619 1417 10
619 1623 10
620 621 1
620 670 10
620 1409 4
620 1527 6
620 1648 3
621 622 1
621 871 6
621 1071 2
621 1267 7
621 1397 8
622 623 1
622 998 6
623 624 1
623 938 4
623 1709 3
624 625 1
624 685 3
624 1164 8
624 1379 3
624 1647 7
624 1790 7
625 626 1
625 684 9
625 761 7
625 922 9
625 935 5
625 1577 4
625 1780 3
626 627 1
626 656 10
626 1287 7
626 1302 3
626 1514 5
626 1932 2
626 1941 8
627 628 1
627 929 6
627 1453 5
628 629 1
628 1434 5
629 630 1
629 1935 4
629 1951 8
630 631 1
630 1718 8
630 1853 3
631 632 1
631 720 9
631 750 8
631 860 6
631 922 8
631 1201 8
631 1432 2
631 1715 5
631 1958 8
632 633 1
632 917 8
632 1683 2
633 634 1
633 962 7
633 1282 9
634 635 1
634 1309 7
635 636 1
635 886 9
635 1862 7
636 637 1
636 1201 7
636 1589 7
637 638 1
637 1223 4
638 639 1
638 793 9
638 1196 10
639 640 1
639 714 7
639 728 10
640 641 1
640 818 2
640 1131 10
640 1466 8
641 642 1
641 1424 10
641 1475 8
641 1579 3
642 643 1
642 773 3
642 978 8
642 1024 5
642 1059 8
642 1122 2
642 1587 9
642 1655 10
642 1733 5
642 1748 8
643 644 1
643 700 3
643 976 7
643 1203 9
643 1233 6
644 645 1
644 717 5
644 1072 7
644 1640 3
644 1953 3
645 646 1
645 693 8
646 647 1
646 1673 5
646 1849 10
647 648 1
647 1181 10
647 1412 2
647 1639 8
648 649 1
648 1340 2
649 650 1
649 1118 8
649 1144 7
649 1771 3
650 651 1
650 702 9
650 783 6
650 904 6
650 1087 3
650 1544 7
651 652 1
651 1666 7
652 653 1
652 1228 8
652 1281 8
652 1852 10
652 1939 8
653 654 1
653 1551 4
653 1671 3
653 1762 3
654 655 1
654 723 9
654 1430 10
654 1583 9
654 1618 3
654 1959 3
655 656 1
655 868 7
655 945 4
655 1578 7
656 657 1
656 1227 6
656 1834 2
657 658 1
657 723 6
657 777 9
657 1243 8
657 1477 3
658 659 1
659 660 1
659 1068 4
660 661 1
660 945 9
661 662 1
661 1071 7
661 1114 7
661 1173 3
661 1437 3
661 1943 5
662 663 1
662 1202 7
662 1635 2
662 1918 4
663 664 1
663 924 2
663 1403 3
663 1541 2
663 1557 5
663 1608 8
663 1715 4
664 665 1
664 1329 3
664 1361 7
664 1571 2
664 1829 6
665 666 1
665 1229 8
665 1731 7
666 667 1
666 728 10
666 1409 9
666 1539 8
666 1941 4
667 668 1
667 741 6
667 1137 3
667 1960 10
668 669 1
668 1103 2
668 1139 3
668 1169 7
669 670 1
670 671 1
670 1373 9
670 1511 9
670 1671 7
671 672 1
671 1013 2
672 673 1
672 1058 5
673 674 1
674 675 1
674 823 3
674 1077 9
674 1167 9
675 676 1
675 1080 8
675 1383 6
675 1705 8
675 1950 10
675 1987 2
676 677 1
677 678 1
677 1179 6
677 1662 3
677 1708 7
677 1918 4
677 1952 8
678 679 1
678 940 3
678 1613 9
679 680 1
679 739 7
679 835 10
679 1415 2
679 1819 8
679 1885 3
680 681 1
680 981 4
681 682 1
681 1675 5
682 683 1
682 1715 7
683 684 1
683 957 2
683 1218 3
684 685 1
684 1489 7
684 1683 10
684 1863 6
685 686 1
685 877 2
686 687 1
686 690 3
686 799 4
686 1229 4
686 1678 4
687 688 1
687 1459 10
687 1835 9
687 1869 4
687 1998 8
688 689 1
688 1321 8
689 690 1
689 1018 10
690 691 1
690 760 7
690 1213 6
691 692 1
691 873 8
691 1321 2
691 1551 8
691 1681 5
692 693 1
692 866 9
692 882 3
692 1065 4
692 1517 4
692 1900 6
693 694 1
693 864 6
693 1872 5
694 695 1
694 1412 3
694 1918 5
695 696 1
695 769 10
695 929 5
695 1108 2
696 697 1
696 1304 2
696 1334 2
696 1552 9
697 698 1
697 742 10
697 844 4
697 896 4
697 1517 5
698 699 1
698 703 7
698 1551 4
698 1622 3
698 1964 2
699 700 1
700 701 1
700 812 2
700 1980 4
700 1994 9
701 702 1
701 861 6
701 1973 6
702 703 1
702 1307 10
703 704 1
703 1186 7
703 1319 8
704 705 1
704 781 8
704 1111 10
705 706 1
705 898 5
705 1863 2
705 1992 4
706 707 1
707 708 1
707 732 8
707 1536 5
708 709 1
708 764 9
708 1429 8
709 710 1
709 1642 9
710 711 1
710 1406 3
710 1685 8
710 1845 8
711 712 1
711 861 9
711 992 10
711 1435 6
712 713 1
712 1329 7
712 1428 8
712 1630 3
712 1973 6
712 1998 7
713 714 1
713 858 2
713 1114 7
713 1802 8
714 715 1
714 877 9
714 1451 10
714 1552 8
714 1573 4
714 1793 3
715 716 1
715 1307 9
715 1658 2
716 717 1
716 1867 7
717 718 1
717 1148 5
717 1263 9
718 719 1
718 1112 10
718 1207 3
718 1304 10
718 1800 6
719 720 1
720 721 1
720 981 9
720 1726 5
721 722 1
721 928 6
721 1279 8
721 1344 7
722 723 1
722 816 2
722 1026 7
722 1217 9
722 1697 10
722 1866 10
723 724 1
723 863 6
723 1144 5
723 1869 10
724 725 1
724 1053 2
724 1372 8
724 1957 10
725 726 1
725 899 9
725 1306 8
725 1323 4
725 1984 3
726 727 1
726 960 8
726 1861 2
727 728 1
727 824 2
727 1870 8
728 729 1
728 863 9
728 1281 6
729 730 1
729 1263 6
729 1487 4
729 1688 5
729 1996 9
730 731 1
730 975 8
730 1998 7
731 732 1
732 733 1
732 914 3
732 1225 10
732 1387 4
733 734 1
733 1026 10
734 735 1
734 903 4
735 736 1
735 1290 2
735 1295 6
735 1805 6
735 1924 2
736 737 1
736 1363 3
736 1810 5
736 1847 3
736 1915 7
737 738 1
738 739 1
738 1970 9
739 740 1
739 1290 5
739 1532 8
740 741 1
740 1143 8
740 1562 6
740 1928 8
741 742 1
741 1730 5
741 1866 4
742 743 1
742 838 3
742 1268 10
742 1487 3
742 1874 9
743 744 1
743 1155 6
744 745 1
744 974 7
744 1299 3
745 746 1
745 819 10
745 1181 7
745 1186 7
745 1361 2
745 1837 3
745 1870 8
745 1878 8
745 1986 8
746 747 1
746 1029 2
747 748 1
748 749 1
748 1750 8
748 1991 3
749 750 1
749 785 9
749 868 7
749 1095 7
749 1204 3
750 751 1
750 804 5
751 752 1
751 1430 4
752 753 1
752 903 10
752 930 2
752 1181 2
752 1929 10
753 754 1
753 1279 8
753 1368 6
753 1705 10
754 755 1
754 1174 4
754 1272 3
755 756 1
755 926 9
755 1062 2
755 1444 3
755 1661 4
755 1839 8
756 757 1
756 938 5
756 1356 6
756 1684 2
757 758 1
758 759 1
758 791 7
758 916 9
758 1381 9
758 1658 7
759 760 1
759 1667 7
760 761 1
761 762 1
761 950 2
761 1272 7
761 1579 3
762 763 1
762 1239 5
763 764 1
763 1464 10
763 1465 8
764 765 1
764 1029 9
764 1595 9
764 1724 6
764 1949 10
765 766 1
765 1050 2
765 1107 4
765 1482 7
766 767 1
766 808 3
766 1460 10
766 1727 3
766 1839 3
766 1866 7
767 768 1
767 784 4
767 1022 10
767 1175 9
768 769 1
768 1862 5
769 770 1
769 1152 9
769 1823 7
770 771 1
770 1345 4
770 1929 3
771 772 1
771 1369 9
771 1747 9
772 773 1
772 1194 10
772 1339 8
772 1947 8
772 1972 9
773 774 1
773 1601 9
773 1985 5
774 775 1
774 816 4
774 1069 4
774 1155 2
774 1169 8
774 1412 7
774 1463 10
774 1502 2
775 776 1
775 1091 7
775 1697 5
775 1773 9
776 777 1
776 1128 8
776 1251 2
776 1950 3
777 778 1
777 1342 3
777 1503 4
777 1644 3
778 779 1
778 869 5
778 1190 3
778 1838 2
779 780 1
779 835 10
779 1257 5
780 781 1
780 1695 4
781 782 1
781 1130 3
781 1270 6
781 1562 3
782 783 1
782 832 8
782 1674 2
782 1741 8
783 784 1
783 1050 3
783 1390 7
784 785 1
784 796 7
784 1047 5
784 1172 2
784 1239 7
784 1620 7
785 786 1
785 858 10
785 1211 5
785 1244 8
785 1578 5
786 787 1
786 922 7
786 1189 8
786 1849 6
787 788 1
787 929 9
787 992 8
787 1003 6
787 1152 8
787 1197 3
787 1340 4
787 1760 6
788 789 1
788 910 2
788 938 4
788 1138 7
788 1955 9
789 790 1
789 1504 6
789 1580 9
789 1830 7
789 1945 3
790 791 1
790 1089 5
790 1585 9
790 1766 3
791 792 1
791 802 3
792 793 1
793 794 1
793 1569 8
793 1800 2
794 795 1
794 1143 10
794 1462 10
794 1678 5
795 796 1
795 962 9
795 1814 9
795 1951 6
796 797 1
797 798 1
797 969 6
797 1002 3
797 1109 9
797 1957 5
798 799 1
799 800 1
799 1261 9
799 1379 6
799 1426 3
800 801 1
800 1051 3
800 1414 6
800 1441 7
801 802 1
801 909 2
801 1256 4
802 803 1
802 843 9
802 1853 2
803 804 1
803 805 3
804 805 1
805 806 1
805 1250 4
805 1562 10
805 1727 2
805 1838 4
805 1970 3
806 807 1
806 1148 8
806 1154 8
806 1431 2
806 1525 4
807 808 1
807 1139 10
807 1223 10
807 1763 4
807 1892 3
808 809 1
808 982 3
808 1675 5
809 810 1
809 1375 7
809 1926 7
810 811 1
810 1336 5
810 1923 8
811 812 1
811 1102 2
812 813 1
812 1513 5
812 1570 4
812 1706 8
813 814 1
813 1932 4
814 815 1
814 1579 10
814 1580 5
815 816 1
815 1447 3
815 1773 5
816 817 1
816 1812 6
816 1964 10
817 818 1
817 871 6
817 976 6
817 1239 4
817 1283 3
818 819 1
818 857 2
818 866 3
818 1123 6
818 1168 3
818 1380 7
818 1497 9
818 1689 5
819 820 1
819 996 10
819 1584 7
820 821 1
820 935 3
821 822 1
821 866 2
821 945 8
821 1244 6
821 1343 4
821 1424 3
821 1610 7
821 1907 10
822 823 1
822 838 4
823 824 1
823 1034 7
823 1265 5
824 825 1
824 1815 10
825 826 1
825 1205 10
826 827 1
827 828 1
828 829 1
828 1435 9
829 830 1
829 991 4
829 1007 8
830 831 1
830 1590 2
831 832 1
831 1201 5
831 1938 2
831 1963 2
832 833 1
832 977 4
832 1058 7
833 834 1
834 835 1
835 836 1
835 1298 5
836 837 1
836 1586 10
837 838 1
837 901 6
837 1127 7
837 1840 6
838 839 1
838 886 7
838 1813 2
839 840 1
840 841 1
840 924 4
840 930 9
840 1202 6
840 1313 7
841 842 1
841 848 7
842 843 1
842 1898 10
843 844 1
843 963 7
843 1969 6
844 845 1
844 1231 5
844 1756 10
845 846 1
845 1566 8
846 847 1
846 871 3
846 1345 7
846 1531 10
846 1860 8
847 848 1
847 1055 5
847 1139 9
847 1881 8
848 849 1
849 850 1
850 851 1
851 852 1
851 1529 3
851 1567 2
852 853 1
852 1050 3
852 1519 9
852 1626 9
852 1738 9
853 854 1
853 1421 9
853 1716 2
853 1886 3
854 855 1
854 951 8
854 1076 6
854 1906 3
854 1966 7
855 856 1
855 944 3
855 1207 6
855 1604 6
855 1721 4
856 857 1
856 986 6
857 858 1
857 1409 6
857 1458 5
857 1504 10
857 1996 8
858 859 1
858 1611 5
859 860 1
859 989 10
859 1930 9
860 861 1
860 1402 4
860 1785 10
860 1986 9
861 862 1
861 1427 10
862 863 1
862 956 8
862 1070 7
862 1205 7
862 1234 10
863 864 1
863 1524 7
864 865 1
864 1293 8
864 1613 5
865 866 1
865 894 2
865 971 2
865 1852 7
866 867 1
866 1015 8
866 1470 3
866 1488 10
866 1580 2
867 868 1
867 1451 6
867 1795 4
867 1916 5
868 869 1
868 1157 7
868 1222 6
868 1304 9
868 1908 4
868 1951 10
869 870 1
869 950 10
869 986 8
869 1044 10
869 1325 5
869 1492 5
869 1898 5
870 871 1
870 1239 2
871 872 1
871 1392 4
871 1463 10
871 1820 4
871 1821 8
872 873 1
872 1362 9
872 1405 8
872 1458 8
873 874 1
873 924 9
873 1072 7
873 1485 9
873 1542 6
874 875 1
874 1988 6
875 876 1
875 974 5
875 1247 7
875 1319 2
875 1437 10
875 1576 7
875 1700 6
875 1921 2
876 877 1
876 899 8
876 1184 6
876 1750 3
876 1774 2
877 878 1
877 1629 3
877 1951 10
878 879 1
878 940 7
878 1613 3
878 1828 4
879 880 1
879 1559 5
879 1578 8
880 881 1
880 1620 4
880 2000 2
881 882 1
881 1192 3
881 1618 9
882 883 1
882 1064 6
882 1803 3
883 884 1
883 1007 4
883 1029 10
883 1502 4
884 885 1
884 979 6
884 1552 2
885 886 1
885 1439 8
885 1799 5
886 887 1
886 1641 6
886 1730 8
886 1754 8
887 888 1
887 1359 10
888 889 1
888 1063 3
888 1574 5
888 1629 9
888 1809 9
889 890 1
889 1095 2
889 1216 4
889 1439 7
889 1531 2
889 1614 8
889 1667 10
890 891 1
890 984 6
890 1292 8
890 1297 7
890 1585 4
891 892 1
892 893 1
892 1584 9
892 1607 7
892 1729 8
892 1843 7
893 894 1
893 1112 8
893 1155 7
894 895 1
894 980 8
894 1050 8
894 1866 3
895 896 1
895 1348 4
895 1881 2
896 897 1
897 898 1
897 1006 6
897 1448 10
898 899 1
898 1071 3
898 1465 2
899 900 1
899 1876 7
900 901 1
900 1658 9
900 1986 8
901 902 1
901 1380 3
901 1429 6
902 903 1
902 1354 4
902 1763 7
903 904 1
903 1284 3
904 905 1
904 965 8
905 906 1
905 1148 9
905 1564 7
905 1870 6
906 907 1
906 1290 2
906 1422 7
907 908 1
907 1422 8
907 1757 8
908 909 1
908 1229 7
908 1528 6
909 910 1
909 948 2
909 1108 2
909 1461 6
910 911 1
910 1389 5
910 1601 2
911 912 1
911 1478 7
911 1821 8
912 913 1
912 1500 10
912 1684 4
913 914 1
913 1989 10
914 915 1
914 1592 2
914 1836 3
915 916 1
915 1161 10
915 1350 7
915 1478 9
916 917 1
916 1305 3
917 918 1
917 1609 4
917 1966 8
918 919 1
919 920 1
919 1106 4
919 1244 4
919 1290 3
919 1429 8
920 921 1
920 1091 7
920 1111 4
920 1243 9
920 1367 4
920 1946 8
921 922 1
921 1300 3
921 1699 4
922 923 1
922 1037 6
922 1292 8
922 1525 7
922 1680 8
923 924 1
923 1072 8
923 1932 4
923 1978 8
924 925 1
925 926 1
925 980 4
925 1382 9
926 927 1
926 1699 6
926 1768 5
927 928 1
927 1005 7
927 1015 5
927 1159 7
927 1997 10
928 929 1
928 1089 6
928 1266 6
929 930 1
929 999 2
929 1309 6
929 1376 10
929 1889 3
930 931 1
930 961 10
930 1060 7
930 1287 6
930 1300 7
930 1452 4
930 1809 2
931 932 1
931 1795 2
932 933 1
932 1406 2
932 1808 3
932 1905 8
932 2000 9
933 934 1
933 1032 10
933 1843 4
934 935 1
934 1393 4
934 1762 8
934 1959 4
935 936 1
935 1252 4
936 937 1
936 1230 6
936 1694 2
936 1783 8
936 1997 6
937 938 1
937 1637 3
937 2000 3
938 939 1
938 1010 3
938 1341 4
938 1448 4
938 1457 4
939 940 1
939 1166 2
939 1842 9
939 1926 10
939 1942 7
939 1991 5
940 941 1
940 1382 8
940 1840 10
941 942 1
941 1022 2
942 943 1
942 1465 4
943 944 1
943 948 2
943 1261 7
943 1417 8
943 1719 2
944 945 1
944 1304 9
944 1348 8
944 1396 2
945 946 1
945 993 3
945 1584 5
945 1993 10
946 947 1
946 1868 6
947 948 1
947 1455 4
948 949 1
948 967 5
948 1654 10
949 950 1
949 1398 3
949 1916 9
950 951 1
950 1577 4
950 1593 8
950 1700 9
951 952 1
951 995 10
951 1284 2
951 1563 4
952 953 1
952 1133 8
952 1354 6
952 1665 6
953 954 1
953 1050 7
953 1059 3
953 1281 3
953 1652 3
954 955 1
954 1745 9
955 956 1
955 960 10
955 1164 3
955 1752 7
956 957 1
956 1015 7
956 1278 5
956 1395 4
957 958 1
957 1792 4
958 959 1
958 1528 5
959 960 1
959 1641 2
959 1677 8
959 1798 4
960 961 1
960 1500 6
960 1552 9
961 962 1
961 1856 7
962 963 1
962 1465 5
963 964 1
963 1172 9
963 1523 4
963 1943 4
964 965 1
964 1016 4
964 1503 10
964 1607 3
964 1931 6
965 966 1
965 1194 6
965 1199 9
965 1510 8
966 967 1
966 1897 8
967 968 1
967 1340 4
967 1914 6
968 969 1
968 1631 4
969 970 1
969 1651 2
970 971 1
970 1212 9
970 1821 3
970 1911 7
971 972 1
971 1007 4
971 1144 4
971 1339 8
971 1835 6
972 973 1
972 1877 2
973 974 1
973 1399 5
973 1777 10
974 975 1
974 1097 4
974 1461 9
975 976 1
975 1847 2
976 977 1
976 1247 2
976 1356 10
976 1364 3
976 1529 10
976 1719 3
976 1770 9
977 978 1
977 1201 2
977 1214 4
977 1716 4
978 979 1
978 1569 5
979 980 1
979 1184 9
980 981 1
980 1522 3
980 1925 10
981 982 1
981 1315 8
981 1347 3
981 1499 2
982 983 1
983 984 1
983 1020 10
983 1371 6
984 985 1
984 1307 10
985 986 1
985 1191 8
985 1696 2
986 987 1
986 1308 6
986 1329 4
987 988 1
987 1106 5
987 1189 3
987 1383 9
987 1777 4
988 989 1
988 1132 2
988 1358 10
989 990 1
989 1367 4
989 1390 8
989 1426 6
989 1624 4
989 1630 5
990 991 1
990 1039 10
990 1276 4
990 1423 9
991 992 1
991 1154 5
992 993 1
993 994 1
993 1048 6
993 1243 8
993 1776 10
994 995 1
994 1055 3
994 1378 3
994 1621 2
994 1650 5
994 1974 9
995 996 1
995 1492 5
996 997 1
996 1027 10
996 1216 10
996 1340 8
996 1909 9
997 998 1
997 1294 10
997 1609 6
998 999 1
998 1624 9
998 1802 3
999 1000 1
999 1565 3
999 1587 9
999 1755 8
1000 1001 1
1000 1692 3
1001 1002 1
1001 1628 10
1001 1656 3
1002 1003 1
1002 1314 10
1002 1766 5
1003 1004 1
1003 1019 5
1003 1778 9
1004 1005 1
1004 1348 10
1004 1632 8
1005 1006 1
1005 1034 6
1005 1093 7
1005 1143 5
1006 1007 1
1007 1008 1
1007 1343 3
1007 1510 4
1007 1943 7
1008 1009 1
1008 1241 3
1008 1322 3
1008 1902 5
1009 1010 1
1009 1091 10
1009 1572 9
1009 1655 4
1009 1840 6
1010 1011 1
1010 1042 10
1010 1906 7
1010 1988 3
1011 1012 1
1011 1297 8
1011 1739 3
1011 1862 8
1012 1013 1
1012 1146 9
1012 1644 9
1013 1014 1
1013 1312 9
1013 1991 2
1014 1015 1
1014 1276 7
1014 1403 10
1014 1550 9
1015 1016 1
1015 1127 4
1015 1907 10
1016 1017 1
1016 1716 8
1017 1018 1
1018 1019 1
1019 1020 1
1019 1104 10
1019 1648 7
1020 1021 1
1020 1837 4
1021 1022 1
1021 1184 5
1022 1023 1
1022 1510 5
1022 1713 2
1022 1752 10
1022 1899 4
1023 1024 1
1023 1433 9
1023 1486 6
1023 1907 4
1023 1914 9
1024 1025 1
1024 1094 9
1024 1660 7
1025 1026 1
1025 1166 9
1025 1854 4
1026 1027 1
1026 1980 9
1027 1028 1
1028 1029 1
1028 1459 6
1028 1487 8
1028 1807 4
1028 1974 10
1029 1030 1
1029 1097 10
1029 1411 3
1029 1430 5
1029 1678 3
1030 1031 1
1030 1837 2
1031 1032 1
1031 1191 2
1031 1541 3
1032 1033 1
1032 1158 10
1032 1204 2
1032 1394 8
1032 1575 2
1032 1915 7
1033 1034 1
1034 1035 1
1034 1251 7
1034 1570 7
1034 1647 6
1034 1737 3
1035 1036 1
1035 1168 3
1035 1249 8
1036 1037 1
1036 1148 3
1036 1411 8
1037 1038 1
1037 1561 9
1038 1039 1
1039 1040 1
1039 1177 8
1039 1740 2
1040 1041 1
1040 1285 7
1040 1999 7
1041 1042 1
1042 1043 1
1042 1387 4
1042 1536 6
1043 1044 1
1043 1306 6
1044 1045 1
1044 1453 9
1045 1046 1
1046 1047 1
1046 1253 8
1047 1048 1
1048 1049 1
1048 1131 5
1048 1963 6
1049 1050 1
1049 1559 4
1049 1999 8
1050 1051 1
1050 1523 2
1050 1559 4
1051 1052 1
1051 1120 3
1051 1966 7
1052 1053 1
1052 1783 3
1053 1054 1
1053 1261 10
1053 1551 4
1053 1759 7
1054 1055 1
1054 1137 3
1054 1841 4
1055 1056 1
1055 1164 8
1055 1937 7
1056 1057 1
1056 1450 9
1057 1058 1
1057 1431 5
1058 1059 1
1058 1948 5
1059 1060 1
1059 1349 4
1059 1414 4
1060 1061 1
1060 1398 3
1060 1555 2
1061 1062 1
1061 1202 4
1061 1748 10
1061 1826 9
1062 1063 1
1062 1431 9
1062 1864 5
1063 1064 1
1063 1596 8
1064 1065 1
1064 1239 6
1064 1853 6
1065 1066 1
1065 1360 5
1065 1494 9
1065 1776 9
1066 1067 1
1066 1108 6
1066 1187 7
1066 1235 6
1066 1782 10
1067 1068 1
1067 1622 8
1067 1950 2
1067 1968 5
1068 1069 1
1068 1364 5
1068 1711 6
1069 1070 1
1069 1081 5
1070 1071 1
1070 1633 8
1071 1072 1
1071 1184 3
1072 1073 1
1072 1481 5
1072 1805 6
1072 1823 3
1072 1980 6
1073 1074 1
1073 1311 10
1073 1449 8
1074 1075 1
1074 1400 9
1075 1076 1
1075 1351 10
1076 1077 1
1076 1314 2
1076 1838 10
1077 1078 1
1078 1079 1
1078 1571 4
1079 1080 1
1079 1195 5
1079 1718 4
1079 1829 6
1080 1081 1
1080 1184 5
1081 1082 1
1081 1533 6
1081 1881 2
1082 1083 1
1083 1084 1
1084 1085 1
1084 1768 3
1085 1086 1
1085 1245 9
1085 1309 3
1085 1532 7
1085 1776 8
1086 1087 1
1086 1970 2
1087 1088 1
1087 1346 4
1087 1780 6
1087 1783 8
1088 1089 1
1089 1090 1
1089 1556 8
1090 1091 1
1090 1454 10
1090 1733 10
1091 1092 1
1091 1700 7
1092 1093 1
1092 1943 3
1092 1982 8
1093 1094 1
1094 1095 1
1094 1350 9
1094 1476 7
1094 1514 3
1095 1096 1
1095 1179 5
1095 1246 8
1095 1519 8
1096 1097 1
1096 1595 2
1096 1776 5
1096 1970 10
1097 1098 1
1097 1458 6
1097 1750 6
1098 1099 1
1098 1138 2
1098 1717 8
1099 1100 1
1099 1437 3
1099 1663 6
1100 1101 1
1101 1102 1
1101 1219 4
1101 1347 3
1101 1895 4
1102 1103 1
1102 1516 5
1102 1637 5
1102 1896 5
1103 1104 1
1103 1740 9
1103 1746 9
1104 1105 1
1104 1826 5
1105 1106 1
1105 1704 3
1106 1107 1
1107 1108 1
1107 1472 2
1108 1109 1
1108 1232 7
1108 1624 6
1109 1110 1
1109 1190 5
1109 1314 5
1110 1111 1
1111 1112 1
1111 1508 7
1112 1113 1
1113 1114 1
1114 1115 1
1115 1116 1
1115 1186 4
1116 1117 1
1116 1422 5
1117 1118 1
1118 1119 1
1119 1120 1
1119 1429 3
1120 1121 1
1120 1929 7
1121 1122 1
1121 1777 3
1122 1123 1
1123 1124 1
1124 1125 1
1124 1725 9
1125 1126 1
1126 1127 1
1127 1128 1
1127 1407 8
1128 1129 1
1128 1349 4
1128 1458 6
1128 1641 2
1128 1728 3
1129 1130 1
1130 1131 1
1130 1218 8
1130 1569 4
1130 1700 6
1130 1818 9
1131 1132 1
1131 1399 4
1131 1606 10
1131 1718 10
1132 1133 1
1133 1134 1
1133 1383 4
1133 1489 4
1133 1561 3
1133 1715 4
1134 1135 1
1134 1883 10
1135 1136 1
1135 1352 10
1135 1457 6
1135 1904 9
1136 1137 1
1136 1736 5
1137 1138 1
1137 1146 9
1137 1934 6
1138 1139 1
1139 1140 1
1139 1748 9
1140 1141 1
1140 1169 4
1140 1485 6
1140 1524 9
1141 1142 1
1142 1143 1
1142 1148 6
1142 1479 2
1143 1144 1
1143 1905 2
1144 1145 1
1144 1278 4
1144 1535 10
1144 1747 2
1144 1891 5
1145 1146 1
1145 1934 7
1146 1147 1
1146 1319 3
1147 1148 1
1147 1264 5
1147 1441 7
1148 1149 1
1149 1150 1
1149 1453 9
1149 1791 3
1149 1807 8
1149 1898 2
1150 1151 1
1150 1262 10
1150 1322 3
1150 1389 10
1151 1152 1
1152 1153 1
1152 1284 5
1152 1687 2
1152 1750 4
1153 1154 1
1153 1556 9
1154 1155 1
1154 1825 5
1155 1156 1
1155 1332 4
1155 1619 9
1156 1157 1
1157 1158 1
1157 1168 2
1158 1159 1
1158 1485 7
1158 1638 9
1159 1160 1
1159 1844 6
1159 1910 4
1160 1161 1
1160 1906 9
1160 1915 2
1160 1943 4
1161 1162 1
1161 1899 9
1161 1983 7
1162 1163 1
1162 1241 5
1162 1351 2
1162 1393 6
1162 1668 5
1163 1164 1
1163 1299 6
1163 1609 2
1164 1165 1
1165 1166 1
1165 1431 3
1166 1167 1
1166 1282 9
1166 1383 9
1166 1880 5
1167 1168 1
1167 1696 4
1168 1169 1
1168 1281 4
1168 1961 10
1169 1170 1
1169 1695 9
1169 1758 2
1170 1171 1
1170 1315 8
1170 1377 4
1171 1172 1
1171 1495 10
1172 1173 1
1172 1291 6
1172 1435 6
1172 1883 10
1172 1989 2
1173 1174 1
1174 1175 1
1174 1853 4
1175 1176 1
1175 1872 2
1176 1177 1
1176 1829 8
1177 1178 1
1177 1849 2
1178 1179 1
1178 1802 7
1179 1180 1
1179 1628 5
1180 1181 1
1180 1182 10
1180 1216 8
1180 1452 10
1181 1182 1
1182 1183 1
1182 1510 2
1182 1537 4
1182 1552 2
1183 1184 1
1183 1518 8
1184 1185 1
1184 1367 6
1184 1987 10
1185 1186 1
1185 1648 4
1185 1745 7
1186 1187 1
1186 1510 10
1186 1535 7
1187 1188 1
1187 1923 3
1188 1189 1
1188 1635 6
1188 1944 7
1189 1190 1
1190 1191 1
1190 1818 2
1191 1192 1
1191 1605 7
1192 1193 1
1192 1358 3
1192 1665 8
1193 1194 1
1193 1363 2
1194 1195 1
1194 1402 9
1194 1702 2
1194 1874 7
1195 1196 1
1196 1197 1
1196 1625 6
1196 1990 2
1197 1198 1
1197 1341 8
1197 1494 6
1197 1984 9
1198 1199 1
1198 1265 8
1198 1381 4
1198 1715 10
1199 1200 1
1199 1710 6
1199 1722 10
1199 1881 3
1200 1201 1
1200 1560 9
1201 1202 1
1202 1203 1
1202 1855 7
1203 1204 1
1203 1532 10
1203 1610 10
1203 1747 10
1204 1205 1
1204 1846 5
1204 1862 7
1205 1206 1
1205 1313 3
1206 1207 1
1206 1683 9
1206 1957 7
1207 1208 1
1207 1651 9
1208 1209 1
1208 1768 2
1209 1210 1
1209 1576 5
1210 1211 1
1211 1212 1
1211 1485 9
1211 1711 3
1211 1751 4
1212 1213 1
1212 1247 3
1213 1214 1
1213 1427 2
1214 1215 1
1215 1216 1
1215 1475 5
1215 1617 5
1215 1627 4
1216 1217 1
1217 1218 1
1217 1343 2
1217 1348 2
1217 1735 8
1218 1219 1
1219 1220 1
1219 1637 5
1220 1221 1
1220 1316 6
1220 1730 5
1220 1913 4
1221 1222 1
1222 1223 1
1222 1410 4
1223 1224 1
1223 1541 5
1223 1816 10
1224 1225 1
1224 1823 10
1225 1226 1
1226 1227 1
1226 1515 3
1226 1849 2
1227 1228 1
1227 1527 7
1228 1229 1
1228 1606 10
1228 1845 6
1228 1947 3
1228 1965 7
1229 1230 1
1229 1419 7
1229 1589 9
1230 1231 1
1231 1232 1
1232 1233 1
1232 1407 5
1232 1695 7
1233 1234 1
1233 1626 7
1233 1746 8
1234 1235 1
1234 1888 9
1234 1950 8
1235 1236 1
1236 1237 1
1236 1240 10
1236 1848 10
1237 1238 1
1237 1653 9
1237 1694 10
1238 1239 1
1238 1372 3
1238 1530 6
1238 1539 4
1238 1817 2
1239 1240 1
1239 1883 4
1240 1241 1
1240 1321 8
1240 1724 3
1240 1809 5
1240 1864 7
1241 1242 1
1241 1350 4
1241 1471 3
1242 1243 1
1242 1544 3
1243 1244 1
1243 1293 2
1244 1245 1
1245 1246 1
1245 1295 9
1246 1247 1
1246 1506 8
1246 1788 8
1247 1248 1
1247 1389 8
1247 1493 10
1247 1868 9
1248 1249 1
1248 1401 2
1249 1250 1
1249 1270 10
1249 1810 5
1249 1900 5
1250 1251 1
1251 1252 1
1251 1417 2
1251 1881 6
1251 1886 4
1252 1253 1
1252 1354 10
1253 1254 1
1253 1924 10
1254 1255 1
1254 1946 4
1254 1947 3
1255 1256 1
1255 1409 8
1255 1514 3
1255 1709 3
1256 1257 1
1256 1699 6
1256 1964 7
1257 1258 1
1257 1413 10
1258 1259 1
1258 1342 2
1259 1260 1
1259 1657 8
1259 1969 7
1260 1261 1
1260 1858 6
1261 1262 1
1261 1638 8
1262 1263 1
1262 1563 5
1263 1264 1
1263 1910 8
1264 1265 1
1264 1386 7
1264 1687 6
1264 1776 9
1265 1266 1
1266 1267 1
1266 1844 8
1267 1268 1
1267 1713 7
1267 1843 10
1267 1893 4
1268 1269 1
1269 1270 1
1270 1271 1
1271 1272 1
1271 1590 5
1271 1804 7
1272 1273 1
1272 1319 2
1272 1485 9
1273 1274 1
1274 1275 1
1275 1276 1
1275 1344 9
1276 1277 1
1276 1435 9
1276 1568 6
1277 1278 1
1277 1351 10
1277 1637 8
1277 1753 8
1278 1279 1
1278 1332 7
1278 1437 6
1278 1655 6
1279 1280 1
1279 1615 9
1280 1281 1
1280 1675 6
1280 1731 7
1281 1282 1
1282 1283 1
1282 1813 3
1283 1284 1
1283 1578 5
1283 1725 10
1283 1782 10
1284 1285 1
1284 1797 10
1285 1286 1
1285 1480 8
1285 1693 6
1285 1763 3
1286 1287 1
1286 1441 10
1287 1288 1
1287 1931 4
1288 1289 1
1288 1578 4
1289 1290 1
1289 1331 9
1289 1492 2
1289 1966 3
1290 1291 1
1290 1326 10
1290 1501 6
1290 1521 3
1291 1292 1
1292 1293 1
1292 1411 7
1292 1568 2
1293 1294 1
1293 1448 2
1293 1534 8
1293 1698 5
1294 1295 1
1294 1461 10
1294 1960 4
1295 1296 1
1296 1297 1
1296 1806 5
1297 1298 1
1297 1428 5
1298 1299 1
1298 1401 10
1298 1486 9
1298 1700 6
1298 1861 9
1299 1300 1
1299 1520 3
1299 1593 8
1300 1301 1
1300 1944 2
1301 1302 1
1301 1411 7
1301 1714 10
1301 1794 3
1302 1303 1
1302 1982 5
1303 1304 1
1304 1305 1
1304 1779 4
1304 1868 7
1305 1306 1
1306 1307 1
1307 1308 1
1307 1590 10
1307 1887 2
1308 1309 1
1308 1570 7
1308 1904 2
1309 1310 1
1309 1828 5
1309 1833 6
1309 1873 6
1310 1311 1
1311 1312 1
1311 1492 2
1312 1313 1
1312 1338 2
1312 1861 5
1312 1958 9
1313 1314 1
1313 1357 3
1313 1621 4
1314 1315 1
1315 1316 1
1315 1421 3
1315 1582 10
1316 1317 1
1316 1340 10
1317 1318 1
1317 1593 5
1318 1319 1
1319 1320 1
1319 1612 2
1319 1642 6
1320 1321 1
1320 1402 9
1320 1458 8
1320 1746 2
1321 1322 1
1321 1511 2
1322 1323 1
1322 1862 8
1322 1981 2
1323 1324 1
1324 1325 1
1324 1661 6
1324 1805 9
1324 1889 2
1325 1326 1
1326 1327 1
1326 1351 5
1326 1445 6
1326 1707 8
1327 1328 1
1328 1329 1
1328 1665 6
1329 1330 1
1330 1331 1
1331 1332 1
1331 1459 7
1331 1700 3
1332 1333 1
1332 1566 9
1332 1893 4
1333 1334 1
1334 1335 1
1334 1506 2
1335 1336 1
1335 1448 6
1335 1609 4
1335 1688 6
1336 1337 1
1336 1838 7
1337 1338 1
1337 1527 8
1337 1532 2
1338 1339 1
1338 1478 3
1338 1603 2
1338 1991 4
1339 1340 1
1340 1341 1
1340 1653 10
1340 1937 6
1341 1342 1
1342 1343 1
1343 1344 1
1344 1345 1
1344 1593 4
1344 1767 8
1344 1911 4
1344 1986 9
1345 1346 1
1346 1347 1
1346 1488 4
1347 1348 1
1348 1349 1
1348 1760 3
1348 1780 9
1349 1350 1
1349 1756 3
1349 1981 10
1350 1351 1
1350 1589 10
1351 1352 1
1352 1353 1
1352 1514 4
1352 1625 10
1353 1354 1
1353 1709 2
1353 1890 4
1353 1918 3
1354 1355 1
1354 1716 2
1355 1356 1
1355 1514 10
1356 1357 1
1357 1358 1
1358 1359 1
1358 1679 2
1358 1746 7
1359 1360 1
1360 1361 1
1361 1362 1
1361 1698 10
1362 1363 1
1363 1364 1
1363 1530 2
1363 1964 10
1363 1966 6
1364 1365 1
1364 1429 4
1365 1366 1
1365 1744 9
1366 1367 1
1366 1608 4
1366 1769 5
1367 1368 1
1367 1830 6
1368 1369 1
1369 1370 1
1370 1371 1
1370 1499 3
1370 1940 3
1371 1372 1
1371 1393 3
1372 1373 1
1372 1517 2
1373 1374 1
1373 1552 9
1373 1890 2
1374 1375 1
1374 1963 9
1375 1376 1
1376 1377 1
1376 1387 3
1377 1378 1
1377 1504 5
1377 1592 3
1378 1379 1
1378 1889 9
1379 1380 1
1379 1705 10
1380 1381 1
1380 1415 8
1380 1695 9
1380 1786 3
1381 1382 1
1382 1383 1
1382 1440 3
1382 1783 3
1382 1906 10
1383 1384 1
1383 1415 5
1383 1829 10
1384 1385 1
1384 1850 2
1385 1386 1
1385 1958 9
1386 1387 1
1387 1388 1
1387 1397 8
1387 1404 10
1387 1437 5
1388 1389 1
1388 1703 4
1389 1390 1
1389 1894 4
1390 1391 1
1390 1609 4
1390 1731 7
1391 1392 1
1391 1924 7
1392 1393 1
1392 1558 2
1392 1634 4
1392 1724 4
1393 1394 1
1393 1720 8
1393 1942 9
1394 1395 1
1395 1396 1
1395 1934 4
1396 1397 1
1397 1398 1
1397 1401 2
1397 1811 7
1398 1399 1
1398 1549 8
1398 1628 7
1399 1400 1
1400 1401 1
1400 1573 5
1400 1859 3
1401 1402 1
1402 1403 1
1402 1850 6
1403 1404 1
1403 1468 9
1403 1614 3
1403 1851 4
1404 1405 1
1404 1668 8
1404 1729 9
1405 1406 1
1406 1407 1
1407 1408 1
1407 1811 3
1408 1409 1
1408 1642 5
1408 2000 9
1409 1410 1
1409 1448 7
1409 1858 5
1410 1411 1
1411 1412 1
1411 1445 10
1412 1413 1
1412 1907 9
1413 1414 1
1413 1918 5
1414 1415 1
1414 1748 10
1415 1416 1
1415 1535 3
1415 1879 5
1416 1417 1
1417 1418 1
1417 1423 9
1417 1589 3
1418 1419 1
1419 1420 1
1419 1673 9
1420 1421 1
1420 1499 8
1420 1987 10
1420 1996 8
1421 1422 1
1422 1423 1
1422 1637 2
1422 1996 3
1423 1424 1
1423 1926 4
1424 1425 1
1424 1432 2
1424 1616 6
1424 1891 6
1425 1426 1
1426 1427 1
1426 1977 8
1426 1988 5
1427 1428 1
1427 1585 8
1427 1617 6
1427 1891 5
1427 1978 8
1428 1429 1
1429 1430 1
1430 1431 1
1430 1488 5
1430 1938 10
1431 1432 1
1432 1433 1
1433 1434 1
1433 1604 4
1433 1943 3
1433 1948 5
1434 1435 1
1434 1682 10
1435 1436 1
1435 1507 2
1436 1437 1
1436 1496 10
1436 1541 7
1436 1603 5
1436 1754 10
1437 1438 1
1438 1439 1
1439 1440 1
1439 1514 9
1439 1549 3
1440 1441 1
1441 1442 1
1442 1443 1
1442 1853 5
1442 1984 10
1443 1444 1
1443 1932 6
1443 1983 10
1444 1445 1
1444 1599 7
1445 1446 1
1445 1586 8
1445 1757 7
1445 1947 9
1446 1447 1
1446 1508 4
1447 1448 1
1447 1467 3
1447 1812 4
1448 1449 1
1449 1450 1
1449 1593 5
1449 1747 3
1450 1451 1
1450 1702 9
1450 1744 9
1451 1452 1
1451 1719 4
1451 1962 3
1452 1453 1
1453 1454 1
1453 1585 5
1453 1839 4
1454 1455 1
1455 1456 1
1456 1457 1
1456 1581 9
1457 1458 1
1457 1481 8
1457 1799 3
1457 1905 9
1458 1459 1
1459 1460 1
1459 1492 9
1460 1461 1
1461 1462 1
1461 1554 10
1462 1463 1
1462 1567 6
1462 1677 3
1462 1862 10
1462 1946 9
1462 1986 4
1463 1464 1
1463 1675 3
1464 1465 1
1465 1466 1
1465 1510 8
1466 1467 1
1466 1600 10
1467 1468 1
1467 1810 10
1468 1469 1
1469 1470 1
1469 1515 2
1470 1471 1
1470 1652 10
1470 1729 3
1470 1865 8
1471 1472 1
1471 1656 5
1471 1761 5
1471 1768 9
1471 1875 7
1472 1473 1
1472 1502 3
1472 1575 4
1472 1929 5
1472 1952 5
1473 1474 1
1473 1919 2
1474 1475 1
1474 1800 6
1475 1476 1
1475 1709 4
1475 1733 4
1475 1789 5
1475 1816 9
1476 1477 1
1477 1478 1
1477 1614 2
1478 1479 1
1478 1811 5
1478 1813 9
1479 1480 1
1479 1954 9
1480 1481 1
1480 1528 8
1480 1974 9
1481 1482 1
1481 1808 9
1482 1483 1
1483 1484 1
1483 1569 10
1484 1485 1
1485 1486 1
1485 1672 4
1486 1487 1
1486 1496 7
1486 1711 4
1486 1892 9
1487 1488 1
1487 1692 7
1487 1699 8
1488 1489 1
1488 1495 8
1488 1597 6
1489 1490 1
1489 1608 6
1489 1621 10
1490 1491 1
1491 1492 1
1491 1729 3
1491 1775 7
1492 1493 1
1492 1828 8
1493 1494 1
1493 1600 5
1493 1836 8
1494 1495 1
1494 1932 4
1495 1496 1
1496 1497 1
1496 1575 9
1497 1498 1
1497 1583 9
1497 1977 6
1498 1499 1
1499 1500 1
1499 1994 8
1500 1501 1
1500 1508 9
1500 1901 8
1501 1502 1
1501 1735 7
1501 1737 5
1501 1745 4
1501 1783 3
1501 1790 10
1501 1962 8
1502 1503 1
1503 1504 1
1503 1673 7
1504 1505 1
1504 1521 4
1505 1506 1
1506 1507 1
1507 1508 1
1507 1910 2
1508 1509 1
1508 1788 5
1509 1510 1
1510 1511 1
1511 1512 1
1511 1737 5
1511 1924 5
1512 1513 1
1513 1514 1
1513 1886 7
1514 1515 1
1514 1797 7
1515 1516 1
1515 1633 4
1515 1724 2
1515 1907 9
1516 1517 1
1516 1654 8
1517 1518 1
1517 1669 8
1517 1676 6
1518 1519 1
1518 1620 5
1519 1520 1
1519 1680 7
1519 1895 4
1520 1521 1
1520 1710 6
1521 1522 1
1521 1750 9
1521 1901 2
1522 1523 1
1522 1595 10
1523 1524 1
1524 1525 1
1524 1650 4
1525 1526 1
1525 1625 5
1525 1897 6
1525 1930 3
1526 1527 1
1526 1543 5
1526 1920 10
1527 1528 1
1527 1657 9
1527 1699 7
1527 1783 10
1528 1529 1
1528 1650 10
1529 1530 1
1529 1721 10
1529 1733 6
1530 1531 1
1531 1532 1
1531 1548 4
1532 1533 1
1532 1912 2
1533 1534 1
1533 1651 5
1533 1992 3
1534 1535 1
1535 1536 1
1536 1537 1
1536 1792 10
1537 1538 1
1538 1539 1
1538 1760 6
1539 1540 1
1539 1808 10
1539 1994 6
1540 1541 1
1540 1957 2
1541 1542 1
1541 1752 10
1542 1543 1
1542 1795 3
1543 1544 1
1543 1660 5
1544 1545 1
1545 1546 1
1545 1847 10
1546 1547 1
1547 1548 1
1547 1926 10
1548 1549 1
1548 1679 3
1548 1940 9
1548 1994 8
1549 1550 1
1549 1617 8
1550 1551 1
1550 1864 6
1551 1552 1
1552 1553 1
1552 1893 2
1553 1554 1
1553 1670 4
1553 1691 3
1554 1555 1
1555 1556 1
1555 1857 6
1556 1557 1
1557 1558 1
1558 1559 1
1558 1570 6
1558 1935 6
1559 1560 1
1560 1561 1
1561 1562 1
1561 1727 6
1562 1563 1
1563 1564 1
1563 1595 10
1563 1796 9
1563 1915 10
1563 1916 4
1564 1565 1
1564 1987 7
1565 1566 1
1566 1567 1
1566 1639 6
1567 1568 1
1567 1662 7
1568 1569 1
1568 1826 7
1569 1570 1
1569 1612 6
1569 1624 4
1570 1571 1
1571 1572 1
1571 1593 8
1572 1573 1
1573 1574 1
1574 1575 1
1575 1576 1
1575 1618 8
1575 1906 7
1576 1577 1
1577 1578 1
1578 1579 1
1578 1782 5
1579 1580 1
1579 1888 7
1580 1581 1
1581 1582 1
1581 1656 5
1582 1583 1
1582 1826 6
1583 1584 1
1584 1585 1
1584 1653 7
1584 1935 3
1585 1586 1
1585 1695 6
1585 1937 4
1586 1587 1
1586 1705 6
1587 1588 1
1588 1589 1
1589 1590 1
1589 1732 7
1590 1591 1
1591 1592 1
1591 1863 8
1592 1593 1
1593 1594 1
1594 1595 1
1595 1596 1
1595 1686 7
1595 1776 4
1596 1597 1
1597 1598 1
1598 1599 1
1599 1600 1
1600 1601 1
1600 1768 7
1601 1602 1
1601 1741 5
1601 1806 2
1601 1917 6
1602 1603 1
1603 1604 1
1603 1771 6
1603 1794 8
1604 1605 1
1604 1831 5
1604 1896 3
1605 1606 1
1605 1664 10
1606 1607 1
1606 1666 8
1606 1668 8
1606 1744 6
1606 1798 10
1607 1608 1
1608 1609 1
1609 1610 1
1609 1760 10
1610 1611 1
1610 1638 9
1611 1612 1
1612 1613 1
1613 1614 1
1614 1615 1
1615 1616 1
1615 1966 2
1616 1617 1
1616 1763 7
1617 1618 1
1617 1840 6
1618 1619 1
1618 1646 6
1618 1657 5
1619 1620 1
1620 1621 1
1620 1789 2
1621 1622 1
1621 1860 7
1621 1889 4
1622 1623 1
1622 1962 3
1623 1624 1
1623 1980 2
1623 1987 8
1624 1625 1
1624 1924 7
1625 1626 1
1625 1666 6
1626 1627 1
1626 1750 5
1626 1982 9
1627 1628 1
1627 1992 5
1628 1629 1
1629 1630 1
1629 1703 5
1629 1838 10
1630 1631 1
1631 1632 1
1632 1633 1
1633 1634 1
1633 1711 4
1634 1635 1
1635 1636 1
1636 1637 1
1637 1638 1
1638 1639 1
1638 1877 7
1639 1640 1
1640 1641 1
1641 1642 1
1642 1643 1
1643 1644 1
1644 1645 1
1644 1665 9
1644 1700 8
1644 1883 9
1645 1646 1
1646 1647 1
1646 1653 2
1647 1648 1
1648 1649 1
1649 1650 1
1649 1721 9
1650 1651 1
1650 1827 9
1650 1942 2
1651 1652 1
1652 1653 1
1653 1654 1
1654 1655 1
1654 1980 9
1655 1656 1
1656 1657 1
1656 1791 2
1657 1658 1
1658 1659 1
1659 1660 1
1660 1661 1
1661 1662 1
1661 1858 3
1662 1663 1
1663 1664 1
1664 1665 1
1664 1802 8
1664 1850 3
1665 1666 1
1665 1991 8
1666 1667 1
1666 1888 7
1667 1668 1
1668 1669 1
1668 1936 5
1669 1670 1
1670 1671 1
1671 1672 1
1672 1673 1
1672 1850 10
1673 1674 1
1673 1722 10
1674 1675 1
1674 1778 7
1675 1676 1
1676 1677 1
1676 1844 9
1677 1678 1
1678 1679 1
1678 1711 10
1679 1680 1
1680 1681 1
1680 1691 5
1681 1682 1
1682 1683 1
1683 1684 1
1684 1685 1
1684 1922 10
1685 1686 1
1685 1697 2
1685 1699 8
1686 1687 1
1687 1688 1
1688 1689 1
1689 1690 1
1690 1691 1
1691 1692 1
1691 1882 10
1692 1693 1
1692 1830 2
1693 1694 1
1694 1695 1
1694 1731 6
1695 1696 1
1696 1697 1
1697 1698 1
1697 1889 6
1697 1890 6
1698 1699 1
1699 1700 1
1700 1701 1
1701 1702 1
1702 1703 1
1703 1704 1
1703 1777 10
1703 1866 2
1704 1705 1
1705 1706 1
1705 1780 6
1706 1707 1
1707 1708 1
1708 1709 1
1709 1710 1
1710 1711 1
1710 1935 5
1710 1941 10
1711 1712 1
1711 1748 10
1711 1921 4
1712 1713 1
1713 1714 1
1714 1715 1
1714 1869 8
1715 1716 1
1716 1717 1
1717 1718 1
1718 1719 1
1719 1720 1
1719 1877 9
1720 1721 1
1721 1722 1
1722 1723 1
1722 1742 10
1723 1724 1
1723 1833 9
1723 1898 7
1724 1725 1
1725 1726 1
1726 1727 1
1727 1728 1
1728 1729 1
1729 1730 1
1729 1901 8
1730 1731 1
1731 1732 1
1732 1733 1
1733 1734 1
1734 1735 1
1735 1736 1
1736 1737 1
1737 1738 1
1738 1739 1
1739 1740 1
1739 1858 3
1740 1741 1
1741 1742 1
1741 1915 6
1742 1743 1
1742 1871 4
1743 1744 1
1743 1784 4
1744 1745 1
1745 1746 1
1746 1747 1
1747 1748 1
1748 1749 1
1749 1750 1
1749 1923 7
1750 1751 1
1751 1752 1
1752 1753 1
1753 1754 1
1754 1755 1
1754 1979 8
1755 1756 1
1756 1757 1
1757 1758 1
1758 1759 1
1759 1760 1
1759 1921 10
1760 1761 1
1760 1864 3
1761 1762 1
1761 1837 3
1762 1763 1
1763 1764 1
1763 1875 7
1764 1765 1
1765 1766 1
1766 1767 1
1766 1896 9
1766 1913 2
1767 1768 1
1768 1769 1
1769 1770 1
1770 1771 1
1771 1772 1
1772 1773 1
1772 1827 10
1773 1774 1
1773 1891 4
1774 1775 1
1775 1776 1
1776 1777 1
1777 1778 1
1778 1779 1
1779 1780 1
1780 1781 1
1781 1782 1
1782 1783 1
1782 1949 3
1782 1991 3
1783 1784 1
1784 1785 1
1784 1997 10
1785 1786 1
1786 1787 1
1787 1788 1
1787 1885 4
1787 1932 5
1788 1789 1
1789 1790 1
1790 1791 1
1791 1792 1
1792 1793 1
1793 1794 1
1794 1795 1
1794 1797 2
1795 1796 1
1795 1963 10
1796 1797 1
1797 1798 1
1797 1826 10
1798 1799 1
1799 1800 1
1800 1801 1
1800 1919 9
1801 1802 1
1801 1888 8
1801 1902 10
1802 1803 1
1803 1804 1
1803 1993 8
1804 1805 1
1805 1806 1
1806 1807 1
1807 1808 1
1808 1809 1
1809 1810 1
1810 1811 1
1811 1812 1
1812 1813 1
1813 1814 1
1814 1815 1
1815 1816 1
1815 1872 2
1816 1817 1
1817 1818 1
1818 1819 1
1819 1820 1
1820 1821 1
1821 1822 1
1822 1823 1
1823 1824 1
1824 1825 1
1825 1826 1
1825 1966 10
1826 1827 1
1827 1828 1
1828 1829 1
1828 1894 2
1829 1830 1
1830 1831 1
1830 1996 10
1831 1832 1
1832 1833 1
1833 1834 1
1834 1835 1
1835 1836 1
1836 1837 1
1837 1838 1
1838 1839 1
1839 1840 1
1839 1875 5
1840 1841 1
1841 1842 1
1842 1843 1
1842 1869 9
1843 1844 1
1844 1845 1
1844 1862 8
1845 1846 1
1846 1847 1
1847 1848 1
1848 1849 1
1849 1850 1
1850 1851 1
1850 1856 4
1851 1852 1
1852 1853 1
1853 1854 1
1854 1855 1
1855 1856 1
1856 1857 1
1857 1858 1
1858 1859 1
1858 1881 2
1859 1860 1
1859 1993 5
1860 1861 1
1861 1862 1
1862 1863 1
1862 1999 4
1863 1864 1
1864 1865 1
1865 1866 1
1866 1867 1
1867 1868 1
1868 1869 1
1869 1870 1
1870 1871 1
1871 1872 1
1872 1873 1
1873 1874 1
1874 1875 1
1875 1876 1
1876 1877 1
1877 1878 1
1878 1879 1
1879 1880 1
1880 1881 1
1880 1900 6
1881 1882 1
1882 1883 1
1882 1932 8
1883 1884 1
1884 1885 1
1885 1886 1
1886 1887 1
1886 1992 3
1887 1888 1
1888 1889 1
1888 1950 3
1889 1890 1
1890 1891 1
1891 1892 1
1892 1893 1
1893 1894 1
1894 1895 1
1895 1896 1
1896 1897 1
1897 1898 1
1898 1899 1
1899 1900 1
1900 1901 1
1901 1902 1
1902 1903 1
1903 1904 1
1903 1912 10
1904 1905 1
1905 1906 1
1906 1907 1
1907 1908 1
1907 1986 2
1908 1909 1
1908 1951 10
1908 1991 8
1909 1910 1
1910 1911 1
1911 1912 1
1912 1913 1
1913 1914 1
1914 1915 1
1914 1942 6
1915 1916 1
1916 1917 1
1917 1918 1
1918 1919 1
1919 1920 1
1920 1921 1
1921 1922 1
1922 1923 1
1923 1924 1
1924 1925 1
1925 1926 1
1926 1927 1
1927 1928 1
1928 1929 1
1929 1930 1
1929 1942 8
1930 1931 1
1931 1932 1
1932 1933 1
1933 1934 1
1934 1935 1
1934 1986 4
1935 1936 1
1936 1937 1
1937 1938 1
1938 1939 1
1939 1940 1
1940 1941 1
1941 1942 1
1942 1943 1
1942 1983 7
1943 1944 1
1943 1971 8
1944 1945 1
1945 1946 1
1946 1947 1
1947 1948 1
1948 1949 1
1949 1950 1
1950 1951 1
1951 1952 1
1952 1953 1
1953 1954 1
1954 1955 1
1955 1956 1
1956 1957 1
1957 1958 1
1958 1959 1
1959 1960 1
1960 1961 1
1960 1963 3
1961 1962 1
1962 1963 1
1963 1964 1
1964 1965 1
1965 1966 1
1966 1967 1
1967 1968 1
1968 1969 1
1969 1970 1
1970 1971 1
1971 1972 1
1972 1973 1
1973 1974 1
1974 1975 1
1975 1976 1
1976 1977 1
1977 1978 1
1978 1979 1
1979 1980 1
1980 1981 1
1981 1982 1
1982 1983 1
1983 1984 1
1984 1985 1
1985 1986 1
1986 1987 1
1987 1988 1
1988 1989 1
1989 1990 1
1990 1991 1
1991 1992 1
1992 1993 1
1993 1994 1
1994 1995 1
1995 1996 1
1996 1997 1
1997 1998 1
1998 1999 1
1999 2000 1
2000 1 1
